325
-0.000253073 0.000232129 0  
-1.5708 -3.14159 2506.35  
-1.22173 3.14159 2833  
-0.872663 3.14159 2753.6  
-0.523599 3.14159 2306.5  
-0.174531 3.14159 1914.17  
0.174533 3.14159 1914.2  
0.523596 3.14159 2306.49  
0.872663 3.14159 2753.53  
1.22173 3.14159 2832.99  
1.5708 3.14159 2506.34  
1.91986 -3.14159 2030.73  
2.26893 -3.14159 1614.78  
2.618 3.14159 1361.06  
2.96706 3.14159 1272.44  
-2.96706 3.14159 1272.43  
-2.618 3.14159 1361.06  
-2.26893 3.14159 1614.78  
-1.91987 3.14159 2030.72  
-1.91986 -2.79253 2043.01  
-2.26893 -2.79253 1626.66  
-2.618 -2.79253 1391.35  
-2.96706 -2.79253 1333.24  
2.96706 -2.79253 1364.76  
2.618 -2.79253 1475.07  
2.26893 -2.79253 1733.49  
1.91986 -2.79253 2139.08  
1.5708 -2.79253 2588.58  
1.22173 -2.79253 2861.39  
0.872663 -2.79253 2736.76  
0.523597 -2.79253 2306.39  
0.174531 -2.79253 1967.14  
-0.174531 -2.79253 2018.95  
-0.523597 -2.79253 2452.3  
-0.872663 -2.79253 2910.68  
-1.22173 -2.79253 2942.74  
-1.5708 -2.79253 2549.75  
-1.5708 -2.44346 2671.4  
-1.22173 -2.44346 3114.32  
-0.872663 -2.44346 3111.75  
-0.523599 -2.44346 2645.49  
-0.174531 -2.44346 2181.81  
0.174531 -2.44346 2079.6  
0.523596 -2.44347 2364.88  
0.872663 -2.44346 2779.98  
1.22173 -2.44346 2936.26  
1.5708 -2.44346 2689.6  
1.91986 -2.44346 2255.23  
2.26893 -2.44346 1870.03  
2.618 -2.44346 1624.29  
2.96706 -2.44346 1515.11  
-2.96706 -2.44346 1477.54  
-2.618 -2.44346 1521.26  
-2.26893 -2.44346 1738.29  
-1.91986 -2.44346 2144.65  
-1.91986 -2.09439 2196.24  
-2.26893 -2.0944 1807.95  
-2.618 -2.0944 1598.55  
-2.96706 -2.0944 1534.99  
2.96706 -2.09439 1536.9  
2.618 -2.09439 1619.84  
2.26893 -2.09439 1843.93  
1.91986 -2.09439 2202.01  
1.5708 -2.09439 2620.97  
1.22173 -2.0944 2861.29  
0.872665 -2.0944 2688.94  
0.523599 -2.0944 2281.75  
0.174531 -2.0944 2037.41  
-0.174533 -2.0944 2183.97  
-0.523597 -2.09439 2674.74  
-0.872663 -2.09439 3154.98  
-1.22173 -2.09439 3166.2  
-1.5708 -2.09439 2718.94  
-1.5708 -1.74533 2607.8  
-1.22173 -1.74533 3010.46  
-0.872663 -1.74533 2951.82  
-0.523599 -1.74533 2439.94  
-0.17453 -1.74533 1911.6  
0.174531 -1.74533 1719.78  
0.523597 -1.74533 1932.87  
0.872663 -1.74533 2338.52  
1.22173 -1.74533 2524.5  
1.5708 -1.74533 2302.48  
1.91986 -1.74533 1920.66  
2.26893 -1.74533 1597.39  
2.618 -1.74533 1401.58  
2.96706 -1.74533 1363.08  
-2.96706 -1.74533 1424.83  
-2.618 -1.74533 1532.66  
-2.26893 -1.74533 1745.66  
-1.91986 -1.74533 2113.5  
-1.91986 -1.39626 2006.4  
-2.26893 -1.39627 1655.99  
-2.618 -1.39626 1440.35  
-2.96706 -1.39627 1298.11  
2.96706 -1.39626 1182.31  
2.618 -1.39626 1173.98  
2.26893 -1.39626 1333.7  
1.91986 -1.39626 1611.92  
1.5708 -1.39626 1922.54  
1.22173 -1.39627 2068.68  
0.872665 -1.39626 1825.87  
0.523597 -1.39626 1404.75  
0.174533 -1.39626 1230.11  
-0.174533 -1.39626 1492.62  
-0.523597 -1.39626 2091.86  
-0.872663 -1.39626 2667.46  
-1.22173 -1.39626 2799.92  
-1.5708 -1.39626 2463.87  
-1.5708 -1.0472 2495.82  
-1.22173 -1.0472 2764.94  
-0.872663 -1.0472 2535.57  
-0.523599 -1.0472 1845.51  
-0.174531 -1.0472 1117.1  
0.174531 -1.0472 744.207  
0.523597 -1.0472 890.702  
0.872663 -1.0472 1408.4  
1.22173 -1.0472 1821.28  
1.5708 -1.0472 1819.61  
1.91986 -1.0472 1586.81  
2.26893 -1.0472 1341.14  
2.618 -1.0472 1205.8  
2.96706 -1.0472 1239.43  
-2.96706 -1.0472 1370.09  
-2.618 -1.0472 1509.42  
-2.26893 -1.0472 1718.34  
-1.91986 -1.0472 2063.31  
-1.91986 -0.698132 2342.76  
-2.26893 -0.698134 1981.2  
-2.618 -0.69813 1773.97  
-2.96706 -0.698132 1668.56  
2.96706 -0.698132 1569.74  
2.618 -0.69813 1549.93  
2.26893 -0.698132 1696.51  
1.91986 -0.698132 1954.2  
1.5708 -0.698132 2164.21  
1.22173 -0.698132 2045.76  
0.872665 -0.698132 1375.47  
0.523599 -0.698134 580.516  
0.174533 -0.698132 346.527  
-0.174533 -0.698132 818.758  
-0.523597 -0.698132 1729.02  
-0.872663 -0.69813 2598.81  
-1.22173 -0.69813 2961.51  
-1.5708 -0.69813 2764.44  
-1.5708 -0.349064 3081.35  
-1.22173 -0.349066 3181.25  
-0.872663 -0.349066 2642.38  
-0.523599 -0.349064 1552.61  
-0.174531 -0.349068 491.185  
0.174531 -0.349066 86.4161  
0.523596 -0.349068 670.705  
0.872665 -0.349066 1822.97  
1.22173 -0.349068 2626.03  
1.5708 -0.349064 2741.52  
1.91986 -0.349066 2481.91  
2.26893 -0.349064 2171.44  
2.618 -0.349066 1983.66  
2.96706 -0.349066 1964.01  
-2.96706 -0.349066 2010.58  
-2.618 -0.349068 2083.31  
-2.26893 -0.349068 2303.44  
-1.91986 -0.349068 2684.4  
-1.91986 1.74533e-06 2785.73  
-2.26893 -1.74533e-06 2421.5  
-2.618 0 2200.83  
-2.96706 0 2149.93  
2.96706 0 2149.99  
2.618 1.74533e-06 2200.81  
2.26893 1.74533e-06 2421.52  
1.91986 0 2785.74  
1.5708 1.74533e-06 3122.83  
1.22173 -1.74533e-06 3104.56  
0.872663 -1.74533e-06 2384.49  
0.523599 -1.74533e-06 1137.91  
0.174531 0 146.482  
-0.174531 1.74533e-06 146.489  
-0.523597 0 1137.91  
-0.872663 1.74533e-06 2384.51  
-1.22173 1.74533e-06 3104.66  
-1.5708 0 3122.84  
-1.5708 0.349064 2741.51  
-1.22173 0.349064 2626.17  
-0.872665 0.349064 1823.01  
-0.523597 0.349068 670.711  
-0.174533 0.349066 86.4029  
0.174533 0.349066 491.104  
0.523597 0.349066 1552.62  
0.872662 0.349064 2642.43  
1.22173 0.349064 3181.25  
1.5708 0.349064 3081.27  
1.91986 0.349068 2684.41  
2.26893 0.349068 2303.45  
2.618 0.349066 2083.29  
2.96706 0.349066 2010.61  
-2.96706 0.349066 1963.97  
-2.618 0.349064 1983.67  
-2.26893 0.349064 2171.44  
-1.91986 0.349066 2481.92  
-1.91986 0.698132 1954.2  
-2.26893 0.69813 1696.52  
-2.618 0.698134 1549.94  
-2.96706 0.698132 1569.7  
2.96706 0.698134 1668.62  
2.618 0.698134 1773.96  
2.26893 0.698134 1981.21  
1.91986 0.698134 2342.75  
1.5708 0.698134 2764.43  
1.22173 0.69813 2961.46  
0.872665 0.698132 2598.79  
0.523597 0.698132 1729  
0.174531 0.698132 818.749  
-0.174533 0.698132 346.529  
-0.523597 0.698134 580.5  
-0.872663 0.698134 1375.43  
-1.22173 0.698134 2045.77  
-1.5708 0.698132 2164.22  
-1.5708 1.0472 1819.52  
-1.22173 1.0472 1821.23  
-0.872665 1.0472 1408.43  
-0.523599 1.0472 890.695  
-0.174531 1.0472 744.22  
0.174533 1.0472 1117.11  
0.523597 1.0472 1845.5  
0.872663 1.0472 2535.57  
1.22173 1.0472 2764.93  
1.5708 1.0472 2495.83  
1.91986 1.0472 2063.3  
2.26893 1.0472 1718.36  
2.618 1.0472 1509.44  
2.96706 1.0472 1370.09  
-2.96706 1.0472 1239.48  
-2.618 1.0472 1205.77  
-2.26893 1.0472 1341.11  
-1.91986 1.0472 1586.81  
-1.91987 1.39626 1611.93  
-2.26893 1.39626 1333.67  
-2.618 1.39627 1173.98  
-2.96706 1.39626 1182.29  
2.96706 1.39627 1298.14  
2.618 1.39627 1440.34  
2.26893 1.39627 1656  
1.91986 1.39626 2006.39  
1.5708 1.39627 2463.88  
1.22173 1.39626 2799.75  
0.872663 1.39626 2667.45  
0.523599 1.39626 2091.86  
0.17453 1.39626 1492.61  
-0.174531 1.39627 1230.11  
-0.523597 1.39627 1404.75  
-0.872663 1.39627 1825.86  
-1.22173 1.39627 2068.69  
-1.5708 1.39627 1922.6  
-1.5708 1.74533 2302.46  
-1.22173 1.74533 2524.49  
-0.872665 1.74533 2338.55  
-0.523597 1.74533 1932.9  
-0.174533 1.74533 1719.77  
0.174533 1.74533 1911.63  
0.523597 1.74533 2439.94  
0.872663 1.74533 2951.84  
1.22173 1.74533 3010.44  
1.5708 1.74533 2607.73  
1.91986 1.74533 2113.52  
2.26893 1.74533 1745.66  
2.618 1.74533 1532.6  
2.96706 1.74533 1424.74  
-2.96706 1.74533 1363.13  
-2.618 1.74533 1401.57  
-2.26893 1.74533 1597.37  
-1.91986 1.74533 1920.57  
-1.91986 2.09439 2202.03  
-2.26893 2.09439 1843.9  
-2.618 2.0944 1619.84  
-2.96706 2.0944 1536.87  
2.96706 2.0944 1535.03  
2.618 2.0944 1598.54  
2.26893 2.0944 1807.95  
1.91986 2.0944 2196.26  
1.5708 2.0944 2718.94  
1.22173 2.09439 3166.21  
0.872663 2.0944 3155  
0.523599 2.09439 2674.76  
0.174531 2.09439 2183.96  
-0.174531 2.0944 2037.42  
-0.523597 2.0944 2281.74  
-0.872663 2.0944 2688.95  
-1.22173 2.0944 2861.32  
-1.5708 2.0944 2620.99  
-1.5708 2.44346 2689.61  
-1.22173 2.44347 2936.22  
-0.872665 2.44346 2780.04  
-0.523597 2.44346 2364.87  
-0.174531 2.44346 2079.57  
0.174531 2.44346 2181.82  
0.523597 2.44346 2645.46  
0.872663 2.44346 3111.7  
1.22173 2.44346 3114.44  
1.5708 2.44346 2671.4  
1.91986 2.44346 2144.65  
2.26893 2.44346 1738.31  
2.618 2.44346 1521.29  
2.96706 2.44346 1477.52  
-2.96706 2.44346 1515.16  
-2.618 2.44346 1624.29  
-2.26893 2.44346 1869.91  
-1.91986 2.44346 2255.23  
-1.91986 2.79253 2139.09  
-2.26893 2.79253 1733.48  
-2.618 2.79253 1475.07  
-2.96706 2.79253 1364.74  
2.96706 2.79253 1333.27  
2.618 2.79253 1391.34  
2.26893 2.79253 1626.67  
1.91986 2.79253 2042.88  
1.5708 2.79253 2549.63  
1.22173 2.79253 2942.65  
0.872663 2.79253 2910.68  
0.523599 2.79253 2452.33  
0.174531 2.79253 2018.97  
-0.174535 2.79253 1967.18  
-0.523597 2.79253 2306.4  
-0.872663 2.79253 2736.77  
-1.22173 2.79253 2861.42  
-1.5708 2.79253 2588.54  
