325
0.000185005 0.000246092 0  
1.57141 -1.56939 0.0
1.92048 -1.56939 0.0
2.26955 -1.56939 0.0
2.61861 -1.56939 0.0
2.96768 -1.56939 0.0
-2.96644 -1.56939 0.0
-2.61738 -1.56939 0.0
-2.26831 -1.56939 0.0
-1.91924 -1.56939 0.0
-1.57018 -1.56939 0.0
-1.22111 -1.56939 0.0
-0.872045 -1.56939 0.0
-0.522979 -1.56939 0.0
-0.173913 -1.56939 0.0
0.175153 -1.56939 0.0
0.52422 -1.56939 0.0
0.873288 -1.56939 0.0
1.22235 -1.56939 0.0
1.22235 -1.22032 0.0
0.873283 -1.22032 0.0
0.524215 -1.22032 0.0
0.175149 -1.22032 0.0
-0.173917 -1.22032 0.0
-0.522985 -1.22032 0.0
-0.872049 -1.22032 0.0
-1.22111 -1.22032 0.0
-1.57018 -1.22032 0.0
-1.91925 -1.22032 0.0
-2.26831 -1.22032 0.0
-2.61738 -1.22032 0.0
-2.96644 -1.22032 0.0
2.96768 -1.22032 0.0
2.61861 -1.22032 0.0
2.26954 -1.22032 0.0
1.92048 -1.22032 0.0
1.57141 -1.22032 0.0
1.57141 -0.871253 0.0
1.92048 -0.871253 0.0
2.26955 -0.871253 0.0
2.61862 -0.871253 0.0
2.96768 -0.871253 0.0
-2.96644 -0.871253 0.0
-2.61738 -0.871253 0.0
-2.26831 -0.871253 0.0
-1.91924 -0.871253 0.0
-1.57018 -0.871253 0.0
-1.22111 -0.871253 0.0
-0.872045 -0.871253 0.0
-0.522979 -0.871253 0.0
-0.173913 -0.871253 0.0
0.175153 -0.871253 0.0
0.524222 -0.871253 0.0
0.873286 -0.871253 0.0
1.22235 -0.871253 0.0
1.22235 -0.522185 0.0
0.873281 -0.522187 0.0
0.524217 -0.522187 0.0
0.175149 -0.522187 0.0
-0.173917 -0.522187 0.0
-0.522985 -0.522189 0.0
-0.872049 -0.522187 0.0
-1.22111 -0.522187 0.0
-1.57018 -0.522187 0.0
-1.91925 -0.522187 0.0
-2.26831 -0.522187 0.0
-2.61738 -0.522187 0.0
-2.96644 -0.522187 0.0
2.96768 -0.522187 0.0
2.61861 -0.522187 0.0
2.26955 -0.522187 0.0
1.92048 -0.522189 0.0
1.57141 -0.522187 0.0
1.57141 -0.173119 0.0
1.92048 -0.173121 0.0
2.26955 -0.173121 0.0
2.61862 -0.173121 0.0
2.96768 -0.173121 0.0
-2.96644 -0.173121 0.0
-2.61738 -0.173121 0.0
-2.26831 -0.173121 0.0
-1.91924 -0.173121 0.0
-1.57018 -0.173121 0.0
-1.22111 -0.173121 0.0
-0.872045 -0.173121 0.0
-0.522979 -0.173121 0.0
-0.173913 -0.173121 0.0
0.175153 -0.173121 0.0
0.524222 -0.173121 0.0
0.873286 -0.173121 0.0
1.22235 -0.173121 0.0
1.22235 0.175947 0.0
0.873283 0.175945 0.0
0.524215 0.175945 0.0
0.175149 0.175945 0.0
-0.173917 0.175945 0.0
-0.522985 0.175943 0.0
-0.872049 0.175945 0.0
-1.22111 0.175945 0.0
-1.57018 0.175945 0.0
-1.91925 0.175945 0.0
-2.26831 0.175945 0.0
-2.61738 0.175945 0.0
-2.96644 0.175945 0.0
2.96768 0.175945 0.0
2.61861 0.175945 0.0
2.26955 0.175945 0.0
1.92048 0.175945 0.0
1.57141 0.175945 0.0
1.57142 0.525014 0.0
1.92048 0.525011 0.0
2.26955 0.525011 0.0
2.61862 0.525011 0.0
2.96768 0.525011 0.0
-2.96644 0.525011 0.0
-2.61738 0.525011 0.0
-2.26831 0.525011 0.0
-1.91924 0.525011 0.0
-1.57018 0.525011 0.0
-1.22111 0.525011 0.0
-0.872045 0.525011 0.0
-0.522979 0.525011 0.0
-0.173913 0.525011 0.0
0.175153 0.525011 0.0
0.524222 0.525011 0.0
0.873286 0.525011 0.0
1.22235 0.525011 0.0
1.22235 0.874079 0.0
0.873283 0.874077 0.0
0.524217 0.874077 0.0
0.175149 0.874077 0.0
-0.173917 0.874077 0.0
-0.522985 0.874075 0.0
-0.872049 0.874077 0.0
-1.22111 0.874077 0.0
-1.57018 0.874077 0.0
-1.91925 0.874077 0.0
-2.26831 0.874077 0.0
-2.61738 0.874077 0.0
-2.96644 0.874077 0.0
2.96768 0.874077 0.0
2.61861 0.874077 0.0
2.26955 0.874077 0.0
1.92048 0.874077 0.0
1.57141 0.874077 0.0
1.57141 1.22314 0.0
1.92048 1.22314 0.0
2.26955 1.22314 0.0
2.61862 1.22314 0.0
2.96768 1.22314 0.0
-2.96644 1.22314 0.0
-2.61738 1.22314 0.0
-2.26831 1.22314 0.0
-1.91924 1.22314 0.0
-1.57018 1.22314 0.0
-1.22111 1.22314 0.0
-0.872044 1.22314 0.0
-0.522979 1.22314 0.0
-0.173913 1.22314 0.0
0.175153 1.22314 0.0
0.524222 1.22314 0.0
0.873286 1.22314 0.0
1.22235 1.22314 0.0
1.22235 1.57221 0.0
0.873281 1.57221 0.0
0.524217 1.57221 0.0
0.175151 1.57221 0.0
-0.173917 1.57221 0.0
-0.522985 1.57221 0.0
-0.872049 1.57221 0.0
-1.22111 1.57221 0.0
-1.57018 1.57221 0.0
-1.91925 1.57221 0.0
-2.26831 1.57221 0.0
-2.61738 1.57221 0.0
-2.96645 1.57221 0.0
2.96768 1.57221 0.0
2.61861 1.57221 0.0
2.26955 1.57221 0.0
1.92048 1.57221 0.0
1.57141 1.57221 0.0
1.57141 1.92128 0.0
1.92048 1.92127 0.0
2.26955 1.92127 0.0
2.61862 1.92127 0.0
2.96768 1.92127 0.0
-2.96644 1.92127 0.0
-2.61738 1.92127 0.0
-2.26831 1.92127 0.0
-1.91924 1.92127 0.0
-1.57018 1.92127 0.0
-1.22111 1.92127 0.0
-0.872045 1.92127 0.0
-0.522979 1.92127 0.0
-0.173913 1.92127 0.0
0.175153 1.92127 0.0
0.524222 1.92127 0.0
0.873286 1.92127 0.0
1.22235 1.92127 0.0
1.22235 2.27034 0.0
0.873281 2.27034 0.0
0.524217 2.27034 0.0
0.175149 2.27034 0.0
-0.173917 2.27034 0.0
-0.522985 2.27034 0.0
-0.872049 2.27034 0.0
-1.22111 2.27034 0.0
-1.57018 2.27034 0.0
-1.91925 2.27034 0.0
-2.26831 2.27034 0.0
-2.61738 2.27034 0.0
-2.96644 2.27034 0.0
2.96768 2.27034 0.0
2.61861 2.27034 0.0
2.26955 2.27034 0.0
1.92048 2.27034 0.0
1.57141 2.27034 0.0
1.57141 2.61941 0.0
1.92048 2.61941 0.0
2.26955 2.61941 0.0
2.61862 2.61941 0.0
2.96768 2.61941 0.0
-2.96644 2.61941 0.0
-2.61738 2.61941 0.0
-2.26831 2.61941 0.0
-1.91924 2.61941 0.0
-1.57018 2.61941 0.0
-1.22111 2.61941 0.0
-0.872044 2.61941 0.0
-0.522979 2.61941 0.0
-0.173913 2.61941 0.0
0.175153 2.61941 0.0
0.524222 2.61941 0.0
0.873286 2.61941 0.0
1.22235 2.61941 0.0
1.22235 2.96847 0.0
0.873281 2.96847 0.0
0.524217 2.96847 0.0
0.175149 2.96847 0.0
-0.173917 2.96847 0.0
-0.522985 2.96847 0.0
-0.872049 2.96847 0.0
-1.22111 2.96847 0.0
-1.57018 2.96847 0.0
-1.91925 2.96847 0.0
-2.26831 2.96847 0.0
-2.61738 2.96847 0.0
-2.96645 2.96847 0.0
2.96768 2.96847 0.0
2.61861 2.96847 0.0
2.26955 2.96847 0.0
1.92048 2.96847 0.0
1.57141 2.96847 0.0
1.57141 -2.96565 0.0
1.92048 -2.96565 0.0
2.26955 -2.96565 0.0
2.61861 -2.96565 0.0
2.96768 -2.96565 0.0
-2.96644 -2.96565 0.0
-2.61738 -2.96565 0.0
-2.26831 -2.96565 0.0
-1.91924 -2.96565 0.0
-1.57018 -2.96565 0.0
-1.22111 -2.96565 0.0
-0.872045 -2.96565 0.0
-0.522979 -2.96565 0.0
-0.173913 -2.96565 0.0
0.175153 -2.96565 0.0
0.524222 -2.96565 0.0
0.873286 -2.96565 0.0
1.22235 -2.96565 0.0
1.22235 -2.61658 0.0
0.873281 -2.61658 0.0
0.524217 -2.61658 0.0
0.175149 -2.61658 0.0
-0.173917 -2.61658 0.0
-0.522985 -2.61658 0.0
-0.872049 -2.61658 0.0
-1.22111 -2.61658 0.0
-1.57018 -2.61658 0.0
-1.91925 -2.61658 0.0
-2.26831 -2.61658 0.0
-2.61738 -2.61658 0.0
-2.96644 -2.61658 0.0
2.96768 -2.61658 0.0
2.61861 -2.61658 0.0
2.26955 -2.61658 0.0
1.92048 -2.61658 0.0
1.57141 -2.61658 0.0
1.57142 -2.26751 0.0
1.92048 -2.26752 0.0
2.26955 -2.26752 0.0
2.61861 -2.26752 0.0
2.96768 -2.26752 0.0
-2.96644 -2.26752 0.0
-2.61738 -2.26752 0.0
-2.26831 -2.26752 0.0
-1.91924 -2.26752 0.0
-1.57018 -2.26752 0.0
-1.22111 -2.26752 0.0
-0.872045 -2.26752 0.0
-0.522979 -2.26752 0.0
-0.173913 -2.26752 0.0
0.175153 -2.26752 0.0
0.524222 -2.26752 0.0
0.873286 -2.26752 0.0
1.22235 -2.26752 0.0
1.22235 -1.91845 0.0
0.873281 -1.91845 0.0
0.524215 -1.91845 0.0
0.175149 -1.91845 0.0
-0.173917 -1.91845 0.0
-0.522985 -1.91845 0.0
-0.872049 -1.91845 0.0
-1.22111 -1.91845 0.0
-1.57018 -1.91845 0.0
-1.91925 -1.91845 0.0
-2.26831 -1.91845 0.0
-2.61738 -1.91845 0.0
-2.96645 -1.91845 0.0
2.96768 -1.91845 0.0
2.61861 -1.91845 0.0
2.26955 -1.91845 0.0
1.92048 -1.91845 0.0
1.57141 -1.91845 0.0
