20 1.1000000000 38.8250211582
20 1.5000000000 23.7078509707
20 2.1000000000 16.0069974542
20 2.5000000000 13.8104307598
20 3.0000000000 11.9542252150
20 3.5000000000 10.3434407399
20 4.0000000000 448.1914275385
20 4.5000000000 8.2099540845
20 5.0000000000 7.7105325508
20 5.5000000000 6.9483800420
20 6.0000000000 84.3190009675
20 6.5000000000 16.4067984135
20 7.0000000000 44.1455449655
20 7.5000000000 87.7964046937
20 8.0000000000 145.0447578469
25 1.1000000000 37.5784457056
25 1.5000000000 23.9941743618
25 2.1000000000 16.1237092486
25 2.5000000000 13.4332052434
25 3.0000000000 10.8428780773
25 3.5000000000 8.8394193492
25 4.0000000000 373.6724006154
25 4.5000000000 7.0461358829
25 5.0000000000 6.3849116240
25 5.5000000000 5.3447465071
25 6.0000000000 89.0169765385
25 6.5000000000 5.5557307988
25 7.0000000000 7.7578070109
25 7.5000000000 9.7133180922
25 8.0000000000 10773.6922008895
30 1.1000000000 37.4667808207
30 1.5000000000 23.5347177260
30 2.1000000000 13.7941205399
30 2.5000000000 10.2492063527
30 3.0000000000 7.8551182319
30 3.5000000000 6.6775797185
30 4.0000000000 1035.9711169231
30 4.5000000000 5.4179234450
30 5.0000000000 4.8086051493
30 5.5000000000 4.2150028673
30 6.0000000000 315.1507932692
30 6.5000000000 4.4089767332
30 7.0000000000 5.3820168319
30 7.5000000000 5.5308610622
30 8.0000000000 24959.3966027233
35 1.1000000000 37.4814135463
35 1.5000000000 23.6788947564
35 2.1000000000 13.7289334915
35 2.5000000000 10.1253317008
35 3.0000000000 7.5508591454
35 3.5000000000 6.1286370680
35 4.0000000000 602.5872375385
35 4.5000000000 4.6056827470
35 5.0000000000 4.0146915872
35 5.5000000000 3.4412677457
35 6.0000000000 367.8527404808
35 6.5000000000 3.1183115180
35 7.0000000000 3.6917671912
35 7.5000000000 3.8861182588
35 8.0000000000 100.7561903131
40 1.1000000000 37.3854243264
40 1.5000000000 23.6488563506
40 2.1000000000 13.6520112309
40 2.5000000000 10.0884628845
40 3.0000000000 7.5131017758
40 3.5000000000 6.0438797677
40 4.0000000000 1050.6905046154
40 4.5000000000 4.4820855314
40 5.0000000000 3.7935097576
40 5.5000000000 3.1788302139
40 6.0000000000 386.8001617308
40 6.5000000000 2.9860707219
40 7.0000000000 3.5149717290
40 7.5000000000 3.6091148470
40 8.0000000000 98.4487787019
45 1.1000000000 37.3609036700
45 1.5000000000 23.7747547076
45 2.1000000000 13.9240902155
45 2.5000000000 10.3342907305
45 3.0000000000 7.6283439018
45 3.5000000000 6.0227486160
45 4.0000000000 1365.1494800000
45 4.5000000000 4.2477353333
45 5.0000000000 3.6053151105
45 5.5000000000 2.9771326947
45 6.0000000000 329.7698438702
45 6.5000000000 2.7239439961
45 7.0000000000 3.0429754343
45 7.5000000000 3.1821803296
45 8.0000000000 116.2597474976
50 1.1000000000 37.5411028406
50 1.5000000000 24.0440407298
50 2.1000000000 14.4311769157
50 2.5000000000 10.8554862801
50 3.0000000000 7.8585768774
50 3.5000000000 5.8997834606
50 4.0000000000 1880.7015865385
50 4.5000000000 3.9198002693
50 5.0000000000 3.2413039624
50 5.5000000000 2.7161192179
50 6.0000000000 897.6375229231
50 6.5000000000 2.6113560406
50 7.0000000000 2.9431386636
50 7.5000000000 3.1124896067
50 8.0000000000 394.5157045577
60 1.1000000000 37.5515132821
60 1.5000000000 24.0032275469
60 2.1000000000 14.3935475334
60 2.5000000000 10.8554327921
60 3.0000000000 7.8591075533
60 3.5000000000 5.8572178054
60 4.0000000000 4625.8395692308
60 4.5000000000 3.7313579935
60 5.0000000000 3.0409518666
60 5.5000000000 2.5438333089
60 6.0000000000 694.3209864038
60 6.5000000000 2.3407538627
60 7.0000000000 2.4807607146
60 7.5000000000 2.4974869868
60 8.0000000000 220.8949831490
70 1.1000000000 37.5825494566
70 1.5000000000 23.9982874894
70 2.1000000000 14.3621228504
70 2.5000000000 10.8175783962
70 3.0000000000 7.8530411044
70 3.5000000000 5.8691790283
70 4.0000000000 3421.1951809231
70 4.5000000000 3.6165365711
70 5.0000000000 2.9718489994
70 5.5000000000 2.4667286615
70 6.0000000000 1236.9129437260
70 6.5000000000 2.1256721355
70 7.0000000000 2.2563026961
70 7.5000000000 2.3750229567
70 8.0000000000 747.4198177809
80 1.1000000000 37.7070535001
80 1.5000000000 24.0012638693
80 2.1000000000 14.2928030412
80 2.5000000000 10.7064399748
80 3.0000000000 7.7591847339
80 3.5000000000 5.7786432613
80 4.0000000000 2806.5581532308
80 4.5000000000 3.6619247661
80 5.0000000000 3.0210385370
80 5.5000000000 2.5323658449
80 6.0000000000 1162.2254106154
80 6.5000000000 2.1020805377
80 7.0000000000 2.1143491338
80 7.5000000000 2.1536201316
80 8.0000000000 12819.5716920192
90 1.1000000000 37.8076619461
90 1.5000000000 24.0285569354
90 2.1000000000 14.2800245750
90 2.5000000000 10.6963929156
90 3.0000000000 7.7163875919
90 3.5000000000 5.7134567347
90 4.0000000000 6206.9687938462
90 4.5000000000 3.6034064495
90 5.0000000000 2.9748385329
90 5.5000000000 2.5051070695
90 6.0000000000 3448.2645034615
90 6.5000000000 1.9858765043
90 7.0000000000 1.9614287482
90 7.5000000000 2.0733036881
90 8.0000000000 3953.7855516683
100 1.1000000000 37.8685796411
100 1.5000000000 24.0677479052
100 2.1000000000 14.2828356637
100 2.5000000000 10.6786684579
100 3.0000000000 7.6692579709
100 3.5000000000 5.6713589511
100 4.0000000000 11193.2257052308
100 4.5000000000 3.5775014439
100 5.0000000000 2.9492159451
100 5.5000000000 2.4564137053
100 6.0000000000 4078.5178661538
100 6.5000000000 1.9394312566
100 7.0000000000 1.9508126510
100 7.5000000000 2.0532444165
100 8.0000000000 2364.2218920913
