1331			
-1	-1	-1	375
-0.8	-1	-1	339
-0.6	-1	-1	311
-0.4	-1	-1	291
-0.2	-1	-1	279
0	-1	-1	275
0.2	-1	-1	279
0.4	-1	-1	291
0.6	-1	-1	311
0.8	-1	-1	339
1	-1	-1	375
-1	-0.8	-1	330
-0.8	-0.8	-1	294
-0.6	-0.8	-1	266
-0.4	-0.8	-1	246
-0.2	-0.8	-1	234
0	-0.8	-1	230
0.2	-0.8	-1	234
0.4	-0.8	-1	246
0.6	-0.8	-1	266
0.8	-0.8	-1	294
1	-0.8	-1	330
-1	-0.6	-1	295
-0.8	-0.6	-1	259
-0.6	-0.6	-1	231
-0.4	-0.6	-1	211
-0.2	-0.6	-1	199
0	-0.6	-1	195
0.2	-0.6	-1	199
0.4	-0.6	-1	211
0.6	-0.6	-1	231
0.8	-0.6	-1	259
1	-0.6	-1	295
-1	-0.4	-1	270
-0.8	-0.4	-1	234
-0.6	-0.4	-1	206
-0.4	-0.4	-1	186
-0.2	-0.4	-1	174
0	-0.4	-1	170
0.2	-0.4	-1	174
0.4	-0.4	-1	186
0.6	-0.4	-1	206
0.8	-0.4	-1	234
1	-0.4	-1	270
-1	-0.2	-1	255
-0.8	-0.2	-1	219
-0.6	-0.2	-1	191
-0.4	-0.2	-1	171
-0.2	-0.2	-1	159
0	-0.2	-1	155
0.2	-0.2	-1	159
0.4	-0.2	-1	171
0.6	-0.2	-1	191
0.8	-0.2	-1	219
1	-0.2	-1	255
-1	0	-1	250
-0.8	0	-1	214
-0.6	0	-1	186
-0.4	0	-1	166
-0.2	0	-1	154
0	0	-1	150
0.2	0	-1	154
0.4	0	-1	166
0.6	0	-1	186
0.8	0	-1	214
1	0	-1	250
-1	0.2	-1	255
-0.8	0.2	-1	219
-0.6	0.2	-1	191
-0.4	0.2	-1	171
-0.2	0.2	-1	159
0	0.2	-1	155
0.2	0.2	-1	159
0.4	0.2	-1	171
0.6	0.2	-1	191
0.8	0.2	-1	219
1	0.2	-1	255
-1	0.4	-1	270
-0.8	0.4	-1	234
-0.6	0.4	-1	206
-0.4	0.4	-1	186
-0.2	0.4	-1	174
0	0.4	-1	170
0.2	0.4	-1	174
0.4	0.4	-1	186
0.6	0.4	-1	206
0.8	0.4	-1	234
1	0.4	-1	270
-1	0.6	-1	295
-0.8	0.6	-1	259
-0.6	0.6	-1	231
-0.4	0.6	-1	211
-0.2	0.6	-1	199
0	0.6	-1	195
0.2	0.6	-1	199
0.4	0.6	-1	211
0.6	0.6	-1	231
0.8	0.6	-1	259
1	0.6	-1	295
-1	0.8	-1	330
-0.8	0.8	-1	294
-0.6	0.8	-1	266
-0.4	0.8	-1	246
-0.2	0.8	-1	234
0	0.8	-1	230
0.2	0.8	-1	234
0.4	0.8	-1	246
0.6	0.8	-1	266
0.8	0.8	-1	294
1	0.8	-1	330
-1	1	-1	375
-0.8	1	-1	339
-0.6	1	-1	311
-0.4	1	-1	291
-0.2	1	-1	279
0	1	-1	275
0.2	1	-1	279
0.4	1	-1	291
0.6	1	-1	311
0.8	1	-1	339
1	1	-1	375
-1	-1	-0.8	321
-0.8	-1	-0.8	285
-0.6	-1	-0.8	257
-0.4	-1	-0.8	237
-0.2	-1	-0.8	225
0	-1	-0.8	221
0.2	-1	-0.8	225
0.4	-1	-0.8	237
0.6	-1	-0.8	257
0.8	-1	-0.8	285
1	-1	-0.8	321
-1	-0.8	-0.8	276
-0.8	-0.8	-0.8	240
-0.6	-0.8	-0.8	212
-0.4	-0.8	-0.8	192
-0.2	-0.8	-0.8	180
0	-0.8	-0.8	176
0.2	-0.8	-0.8	180
0.4	-0.8	-0.8	192
0.6	-0.8	-0.8	212
0.8	-0.8	-0.8	240
1	-0.8	-0.8	276
-1	-0.6	-0.8	241
-0.8	-0.6	-0.8	205
-0.6	-0.6	-0.8	177
-0.4	-0.6	-0.8	157
-0.2	-0.6	-0.8	145
0	-0.6	-0.8	141
0.2	-0.6	-0.8	145
0.4	-0.6	-0.8	157
0.6	-0.6	-0.8	177
0.8	-0.6	-0.8	205
1	-0.6	-0.8	241
-1	-0.4	-0.8	216
-0.8	-0.4	-0.8	180
-0.6	-0.4	-0.8	152
-0.4	-0.4	-0.8	132
-0.2	-0.4	-0.8	120
0	-0.4	-0.8	116
0.2	-0.4	-0.8	120
0.4	-0.4	-0.8	132
0.6	-0.4	-0.8	152
0.8	-0.4	-0.8	180
1	-0.4	-0.8	216
-1	-0.2	-0.8	201
-0.8	-0.2	-0.8	165
-0.6	-0.2	-0.8	137
-0.4	-0.2	-0.8	117
-0.2	-0.2	-0.8	105
0	-0.2	-0.8	101
0.2	-0.2	-0.8	105
0.4	-0.2	-0.8	117
0.6	-0.2	-0.8	137
0.8	-0.2	-0.8	165
1	-0.2	-0.8	201
-1	0	-0.8	196
-0.8	0	-0.8	160
-0.6	0	-0.8	132
-0.4	0	-0.8	112
-0.2	0	-0.8	100
0	0	-0.8	96
0.2	0	-0.8	100
0.4	0	-0.8	112
0.6	0	-0.8	132
0.8	0	-0.8	160
1	0	-0.8	196
-1	0.2	-0.8	201
-0.8	0.2	-0.8	165
-0.6	0.2	-0.8	137
-0.4	0.2	-0.8	117
-0.2	0.2	-0.8	105
0	0.2	-0.8	101
0.2	0.2	-0.8	105
0.4	0.2	-0.8	117
0.6	0.2	-0.8	137
0.8	0.2	-0.8	165
1	0.2	-0.8	201
-1	0.4	-0.8	216
-0.8	0.4	-0.8	180
-0.6	0.4	-0.8	152
-0.4	0.4	-0.8	132
-0.2	0.4	-0.8	120
0	0.4	-0.8	116
0.2	0.4	-0.8	120
0.4	0.4	-0.8	132
0.6	0.4	-0.8	152
0.8	0.4	-0.8	180
1	0.4	-0.8	216
-1	0.6	-0.8	241
-0.8	0.6	-0.8	205
-0.6	0.6	-0.8	177
-0.4	0.6	-0.8	157
-0.2	0.6	-0.8	145
0	0.6	-0.8	141
0.2	0.6	-0.8	145
0.4	0.6	-0.8	157
0.6	0.6	-0.8	177
0.8	0.6	-0.8	205
1	0.6	-0.8	241
-1	0.8	-0.8	276
-0.8	0.8	-0.8	240
-0.6	0.8	-0.8	212
-0.4	0.8	-0.8	192
-0.2	0.8	-0.8	180
0	0.8	-0.8	176
0.2	0.8	-0.8	180
0.4	0.8	-0.8	192
0.6	0.8	-0.8	212
0.8	0.8	-0.8	240
1	0.8	-0.8	276
-1	1	-0.8	321
-0.8	1	-0.8	285
-0.6	1	-0.8	257
-0.4	1	-0.8	237
-0.2	1	-0.8	225
0	1	-0.8	221
0.2	1	-0.8	225
0.4	1	-0.8	237
0.6	1	-0.8	257
0.8	1	-0.8	285
1	1	-0.8	321
-1	-1	-0.6	279
-0.8	-1	-0.6	243
-0.6	-1	-0.6	215
-0.4	-1	-0.6	195
-0.2	-1	-0.6	183
0	-1	-0.6	179
0.2	-1	-0.6	183
0.4	-1	-0.6	195
0.6	-1	-0.6	215
0.8	-1	-0.6	243
1	-1	-0.6	279
-1	-0.8	-0.6	234
-0.8	-0.8	-0.6	198
-0.6	-0.8	-0.6	170
-0.4	-0.8	-0.6	150
-0.2	-0.8	-0.6	138
0	-0.8	-0.6	134
0.2	-0.8	-0.6	138
0.4	-0.8	-0.6	150
0.6	-0.8	-0.6	170
0.8	-0.8	-0.6	198
1	-0.8	-0.6	234
-1	-0.6	-0.6	199
-0.8	-0.6	-0.6	163
-0.6	-0.6	-0.6	135
-0.4	-0.6	-0.6	115
-0.2	-0.6	-0.6	103
0	-0.6	-0.6	99
0.2	-0.6	-0.6	103
0.4	-0.6	-0.6	115
0.6	-0.6	-0.6	135
0.8	-0.6	-0.6	163
1	-0.6	-0.6	199
-1	-0.4	-0.6	174
-0.8	-0.4	-0.6	138
-0.6	-0.4	-0.6	110
-0.4	-0.4	-0.6	90
-0.2	-0.4	-0.6	78
0	-0.4	-0.6	74
0.2	-0.4	-0.6	78
0.4	-0.4	-0.6	90
0.6	-0.4	-0.6	110
0.8	-0.4	-0.6	138
1	-0.4	-0.6	174
-1	-0.2	-0.6	159
-0.8	-0.2	-0.6	123
-0.6	-0.2	-0.6	95
-0.4	-0.2	-0.6	75
-0.2	-0.2	-0.6	63
0	-0.2	-0.6	59
0.2	-0.2	-0.6	63
0.4	-0.2	-0.6	75
0.6	-0.2	-0.6	95
0.8	-0.2	-0.6	123
1	-0.2	-0.6	159
-1	0	-0.6	154
-0.8	0	-0.6	118
-0.6	0	-0.6	90
-0.4	0	-0.6	70
-0.2	0	-0.6	58
0	0	-0.6	54
0.2	0	-0.6	58
0.4	0	-0.6	70
0.6	0	-0.6	90
0.8	0	-0.6	118
1	0	-0.6	154
-1	0.2	-0.6	159
-0.8	0.2	-0.6	123
-0.6	0.2	-0.6	95
-0.4	0.2	-0.6	75
-0.2	0.2	-0.6	63
0	0.2	-0.6	59
0.2	0.2	-0.6	63
0.4	0.2	-0.6	75
0.6	0.2	-0.6	95
0.8	0.2	-0.6	123
1	0.2	-0.6	159
-1	0.4	-0.6	174
-0.8	0.4	-0.6	138
-0.6	0.4	-0.6	110
-0.4	0.4	-0.6	90
-0.2	0.4	-0.6	78
0	0.4	-0.6	74
0.2	0.4	-0.6	78
0.4	0.4	-0.6	90
0.6	0.4	-0.6	110
0.8	0.4	-0.6	138
1	0.4	-0.6	174
-1	0.6	-0.6	199
-0.8	0.6	-0.6	163
-0.6	0.6	-0.6	135
-0.4	0.6	-0.6	115
-0.2	0.6	-0.6	103
0	0.6	-0.6	99
0.2	0.6	-0.6	103
0.4	0.6	-0.6	115
0.6	0.6	-0.6	135
0.8	0.6	-0.6	163
1	0.6	-0.6	199
-1	0.8	-0.6	234
-0.8	0.8	-0.6	198
-0.6	0.8	-0.6	170
-0.4	0.8	-0.6	150
-0.2	0.8	-0.6	138
0	0.8	-0.6	134
0.2	0.8	-0.6	138
0.4	0.8	-0.6	150
0.6	0.8	-0.6	170
0.8	0.8	-0.6	198
1	0.8	-0.6	234
-1	1	-0.6	279
-0.8	1	-0.6	243
-0.6	1	-0.6	215
-0.4	1	-0.6	195
-0.2	1	-0.6	183
0	1	-0.6	179
0.2	1	-0.6	183
0.4	1	-0.6	195
0.6	1	-0.6	215
0.8	1	-0.6	243
1	1	-0.6	279
-1	-1	-0.4	249
-0.8	-1	-0.4	213
-0.6	-1	-0.4	185
-0.4	-1	-0.4	165
-0.2	-1	-0.4	153
0	-1	-0.4	149
0.2	-1	-0.4	153
0.4	-1	-0.4	165
0.6	-1	-0.4	185
0.8	-1	-0.4	213
1	-1	-0.4	249
-1	-0.8	-0.4	204
-0.8	-0.8	-0.4	168
-0.6	-0.8	-0.4	140
-0.4	-0.8	-0.4	120
-0.2	-0.8	-0.4	108
0	-0.8	-0.4	104
0.2	-0.8	-0.4	108
0.4	-0.8	-0.4	120
0.6	-0.8	-0.4	140
0.8	-0.8	-0.4	168
1	-0.8	-0.4	204
-1	-0.6	-0.4	169
-0.8	-0.6	-0.4	133
-0.6	-0.6	-0.4	105
-0.4	-0.6	-0.4	85
-0.2	-0.6	-0.4	73
0	-0.6	-0.4	69
0.2	-0.6	-0.4	73
0.4	-0.6	-0.4	85
0.6	-0.6	-0.4	105
0.8	-0.6	-0.4	133
1	-0.6	-0.4	169
-1	-0.4	-0.4	144
-0.8	-0.4	-0.4	108
-0.6	-0.4	-0.4	80
-0.4	-0.4	-0.4	60
-0.2	-0.4	-0.4	48
0	-0.4	-0.4	44
0.2	-0.4	-0.4	48
0.4	-0.4	-0.4	60
0.6	-0.4	-0.4	80
0.8	-0.4	-0.4	108
1	-0.4	-0.4	144
-1	-0.2	-0.4	129
-0.8	-0.2	-0.4	93
-0.6	-0.2	-0.4	65
-0.4	-0.2	-0.4	45
-0.2	-0.2	-0.4	33
0	-0.2	-0.4	29
0.2	-0.2	-0.4	33
0.4	-0.2	-0.4	45
0.6	-0.2	-0.4	65
0.8	-0.2	-0.4	93
1	-0.2	-0.4	129
-1	0	-0.4	124
-0.8	0	-0.4	88
-0.6	0	-0.4	60
-0.4	0	-0.4	40
-0.2	0	-0.4	28
0	0	-0.4	24
0.2	0	-0.4	28
0.4	0	-0.4	40
0.6	0	-0.4	60
0.8	0	-0.4	88
1	0	-0.4	124
-1	0.2	-0.4	129
-0.8	0.2	-0.4	93
-0.6	0.2	-0.4	65
-0.4	0.2	-0.4	45
-0.2	0.2	-0.4	33
0	0.2	-0.4	29
0.2	0.2	-0.4	33
0.4	0.2	-0.4	45
0.6	0.2	-0.4	65
0.8	0.2	-0.4	93
1	0.2	-0.4	129
-1	0.4	-0.4	144
-0.8	0.4	-0.4	108
-0.6	0.4	-0.4	80
-0.4	0.4	-0.4	60
-0.2	0.4	-0.4	48
0	0.4	-0.4	44
0.2	0.4	-0.4	48
0.4	0.4	-0.4	60
0.6	0.4	-0.4	80
0.8	0.4	-0.4	108
1	0.4	-0.4	144
-1	0.6	-0.4	169
-0.8	0.6	-0.4	133
-0.6	0.6	-0.4	105
-0.4	0.6	-0.4	85
-0.2	0.6	-0.4	73
0	0.6	-0.4	69
0.2	0.6	-0.4	73
0.4	0.6	-0.4	85
0.6	0.6	-0.4	105
0.8	0.6	-0.4	133
1	0.6	-0.4	169
-1	0.8	-0.4	204
-0.8	0.8	-0.4	168
-0.6	0.8	-0.4	140
-0.4	0.8	-0.4	120
-0.2	0.8	-0.4	108
0	0.8	-0.4	104
0.2	0.8	-0.4	108
0.4	0.8	-0.4	120
0.6	0.8	-0.4	140
0.8	0.8	-0.4	168
1	0.8	-0.4	204
-1	1	-0.4	249
-0.8	1	-0.4	213
-0.6	1	-0.4	185
-0.4	1	-0.4	165
-0.2	1	-0.4	153
0	1	-0.4	149
0.2	1	-0.4	153
0.4	1	-0.4	165
0.6	1	-0.4	185
0.8	1	-0.4	213
1	1	-0.4	249
-1	-1	-0.2	231
-0.8	-1	-0.2	195
-0.6	-1	-0.2	167
-0.4	-1	-0.2	147
-0.2	-1	-0.2	135
0	-1	-0.2	131
0.2	-1	-0.2	135
0.4	-1	-0.2	147
0.6	-1	-0.2	167
0.8	-1	-0.2	195
1	-1	-0.2	231
-1	-0.8	-0.2	186
-0.8	-0.8	-0.2	150
-0.6	-0.8	-0.2	122
-0.4	-0.8	-0.2	102
-0.2	-0.8	-0.2	90
0	-0.8	-0.2	86
0.2	-0.8	-0.2	90
0.4	-0.8	-0.2	102
0.6	-0.8	-0.2	122
0.8	-0.8	-0.2	150
1	-0.8	-0.2	186
-1	-0.6	-0.2	151
-0.8	-0.6	-0.2	115
-0.6	-0.6	-0.2	87
-0.4	-0.6	-0.2	67
-0.2	-0.6	-0.2	55
0	-0.6	-0.2	51
0.2	-0.6	-0.2	55
0.4	-0.6	-0.2	67
0.6	-0.6	-0.2	87
0.8	-0.6	-0.2	115
1	-0.6	-0.2	151
-1	-0.4	-0.2	126
-0.8	-0.4	-0.2	90
-0.6	-0.4	-0.2	62
-0.4	-0.4	-0.2	42
-0.2	-0.4	-0.2	30
0	-0.4	-0.2	26
0.2	-0.4	-0.2	30
0.4	-0.4	-0.2	42
0.6	-0.4	-0.2	62
0.8	-0.4	-0.2	90
1	-0.4	-0.2	126
-1	-0.2	-0.2	111
-0.8	-0.2	-0.2	75
-0.6	-0.2	-0.2	47
-0.4	-0.2	-0.2	27
-0.2	-0.2	-0.2	15
0	-0.2	-0.2	11
0.2	-0.2	-0.2	15
0.4	-0.2	-0.2	27
0.6	-0.2	-0.2	47
0.8	-0.2	-0.2	75
1	-0.2	-0.2	111
-1	0	-0.2	106
-0.8	0	-0.2	70
-0.6	0	-0.2	42
-0.4	0	-0.2	22
-0.2	0	-0.2	10
0	0	-0.2	6
0.2	0	-0.2	10
0.4	0	-0.2	22
0.6	0	-0.2	42
0.8	0	-0.2	70
1	0	-0.2	106
-1	0.2	-0.2	111
-0.8	0.2	-0.2	75
-0.6	0.2	-0.2	47
-0.4	0.2	-0.2	27
-0.2	0.2	-0.2	15
0	0.2	-0.2	11
0.2	0.2	-0.2	15
0.4	0.2	-0.2	27
0.6	0.2	-0.2	47
0.8	0.2	-0.2	75
1	0.2	-0.2	111
-1	0.4	-0.2	126
-0.8	0.4	-0.2	90
-0.6	0.4	-0.2	62
-0.4	0.4	-0.2	42
-0.2	0.4	-0.2	30
0	0.4	-0.2	26
0.2	0.4	-0.2	30
0.4	0.4	-0.2	42
0.6	0.4	-0.2	62
0.8	0.4	-0.2	90
1	0.4	-0.2	126
-1	0.6	-0.2	151
-0.8	0.6	-0.2	115
-0.6	0.6	-0.2	87
-0.4	0.6	-0.2	67
-0.2	0.6	-0.2	55
0	0.6	-0.2	51
0.2	0.6	-0.2	55
0.4	0.6	-0.2	67
0.6	0.6	-0.2	87
0.8	0.6	-0.2	115
1	0.6	-0.2	151
-1	0.8	-0.2	186
-0.8	0.8	-0.2	150
-0.6	0.8	-0.2	122
-0.4	0.8	-0.2	102
-0.2	0.8	-0.2	90
0	0.8	-0.2	86
0.2	0.8	-0.2	90
0.4	0.8	-0.2	102
0.6	0.8	-0.2	122
0.8	0.8	-0.2	150
1	0.8	-0.2	186
-1	1	-0.2	231
-0.8	1	-0.2	195
-0.6	1	-0.2	167
-0.4	1	-0.2	147
-0.2	1	-0.2	135
0	1	-0.2	131
0.2	1	-0.2	135
0.4	1	-0.2	147
0.6	1	-0.2	167
0.8	1	-0.2	195
1	1	-0.2	231
-1	-1	0	225
-0.8	-1	0	189
-0.6	-1	0	161
-0.4	-1	0	141
-0.2	-1	0	129
0	-1	0	125
0.2	-1	0	129
0.4	-1	0	141
0.6	-1	0	161
0.8	-1	0	189
1	-1	0	225
-1	-0.8	0	180
-0.8	-0.8	0	144
-0.6	-0.8	0	116
-0.4	-0.8	0	96
-0.2	-0.8	0	84
0	-0.8	0	80
0.2	-0.8	0	84
0.4	-0.8	0	96
0.6	-0.8	0	116
0.8	-0.8	0	144
1	-0.8	0	180
-1	-0.6	0	145
-0.8	-0.6	0	109
-0.6	-0.6	0	81
-0.4	-0.6	0	61
-0.2	-0.6	0	49
0	-0.6	0	45
0.2	-0.6	0	49
0.4	-0.6	0	61
0.6	-0.6	0	81
0.8	-0.6	0	109
1	-0.6	0	145
-1	-0.4	0	120
-0.8	-0.4	0	84
-0.6	-0.4	0	56
-0.4	-0.4	0	36
-0.2	-0.4	0	24
0	-0.4	0	20
0.2	-0.4	0	24
0.4	-0.4	0	36
0.6	-0.4	0	56
0.8	-0.4	0	84
1	-0.4	0	120
-1	-0.2	0	105
-0.8	-0.2	0	69
-0.6	-0.2	0	41
-0.4	-0.2	0	21
-0.2	-0.2	0	9
0	-0.2	0	5
0.2	-0.2	0	9
0.4	-0.2	0	21
0.6	-0.2	0	41
0.8	-0.2	0	69
1	-0.2	0	105
-1	0	0	100
-0.8	0	0	64
-0.6	0	0	36
-0.4	0	0	16
-0.2	0	0	4
0	0	0	0
0.2	0	0	4
0.4	0	0	16
0.6	0	0	36
0.8	0	0	64
1	0	0	100
-1	0.2	0	105
-0.8	0.2	0	69
-0.6	0.2	0	41
-0.4	0.2	0	21
-0.2	0.2	0	9
0	0.2	0	5
0.2	0.2	0	9
0.4	0.2	0	21
0.6	0.2	0	41
0.8	0.2	0	69
1	0.2	0	105
-1	0.4	0	120
-0.8	0.4	0	84
-0.6	0.4	0	56
-0.4	0.4	0	36
-0.2	0.4	0	24
0	0.4	0	20
0.2	0.4	0	24
0.4	0.4	0	36
0.6	0.4	0	56
0.8	0.4	0	84
1	0.4	0	120
-1	0.6	0	145
-0.8	0.6	0	109
-0.6	0.6	0	81
-0.4	0.6	0	61
-0.2	0.6	0	49
0	0.6	0	45
0.2	0.6	0	49
0.4	0.6	0	61
0.6	0.6	0	81
0.8	0.6	0	109
1	0.6	0	145
-1	0.8	0	180
-0.8	0.8	0	144
-0.6	0.8	0	116
-0.4	0.8	0	96
-0.2	0.8	0	84
0	0.8	0	80
0.2	0.8	0	84
0.4	0.8	0	96
0.6	0.8	0	116
0.8	0.8	0	144
1	0.8	0	180
-1	1	0	225
-0.8	1	0	189
-0.6	1	0	161
-0.4	1	0	141
-0.2	1	0	129
0	1	0	125
0.2	1	0	129
0.4	1	0	141
0.6	1	0	161
0.8	1	0	189
1	1	0	225
-1	-1	0.2	231
-0.8	-1	0.2	195
-0.6	-1	0.2	167
-0.4	-1	0.2	147
-0.2	-1	0.2	135
0	-1	0.2	131
0.2	-1	0.2	135
0.4	-1	0.2	147
0.6	-1	0.2	167
0.8	-1	0.2	195
1	-1	0.2	231
-1	-0.8	0.2	186
-0.8	-0.8	0.2	150
-0.6	-0.8	0.2	122
-0.4	-0.8	0.2	102
-0.2	-0.8	0.2	90
0	-0.8	0.2	86
0.2	-0.8	0.2	90
0.4	-0.8	0.2	102
0.6	-0.8	0.2	122
0.8	-0.8	0.2	150
1	-0.8	0.2	186
-1	-0.6	0.2	151
-0.8	-0.6	0.2	115
-0.6	-0.6	0.2	87
-0.4	-0.6	0.2	67
-0.2	-0.6	0.2	55
0	-0.6	0.2	51
0.2	-0.6	0.2	55
0.4	-0.6	0.2	67
0.6	-0.6	0.2	87
0.8	-0.6	0.2	115
1	-0.6	0.2	151
-1	-0.4	0.2	126
-0.8	-0.4	0.2	90
-0.6	-0.4	0.2	62
-0.4	-0.4	0.2	42
-0.2	-0.4	0.2	30
0	-0.4	0.2	26
0.2	-0.4	0.2	30
0.4	-0.4	0.2	42
0.6	-0.4	0.2	62
0.8	-0.4	0.2	90
1	-0.4	0.2	126
-1	-0.2	0.2	111
-0.8	-0.2	0.2	75
-0.6	-0.2	0.2	47
-0.4	-0.2	0.2	27
-0.2	-0.2	0.2	15
0	-0.2	0.2	11
0.2	-0.2	0.2	15
0.4	-0.2	0.2	27
0.6	-0.2	0.2	47
0.8	-0.2	0.2	75
1	-0.2	0.2	111
-1	0	0.2	106
-0.8	0	0.2	70
-0.6	0	0.2	42
-0.4	0	0.2	22
-0.2	0	0.2	10
0	0	0.2	6
0.2	0	0.2	10
0.4	0	0.2	22
0.6	0	0.2	42
0.8	0	0.2	70
1	0	0.2	106
-1	0.2	0.2	111
-0.8	0.2	0.2	75
-0.6	0.2	0.2	47
-0.4	0.2	0.2	27
-0.2	0.2	0.2	15
0	0.2	0.2	11
0.2	0.2	0.2	15
0.4	0.2	0.2	27
0.6	0.2	0.2	47
0.8	0.2	0.2	75
1	0.2	0.2	111
-1	0.4	0.2	126
-0.8	0.4	0.2	90
-0.6	0.4	0.2	62
-0.4	0.4	0.2	42
-0.2	0.4	0.2	30
0	0.4	0.2	26
0.2	0.4	0.2	30
0.4	0.4	0.2	42
0.6	0.4	0.2	62
0.8	0.4	0.2	90
1	0.4	0.2	126
-1	0.6	0.2	151
-0.8	0.6	0.2	115
-0.6	0.6	0.2	87
-0.4	0.6	0.2	67
-0.2	0.6	0.2	55
0	0.6	0.2	51
0.2	0.6	0.2	55
0.4	0.6	0.2	67
0.6	0.6	0.2	87
0.8	0.6	0.2	115
1	0.6	0.2	151
-1	0.8	0.2	186
-0.8	0.8	0.2	150
-0.6	0.8	0.2	122
-0.4	0.8	0.2	102
-0.2	0.8	0.2	90
0	0.8	0.2	86
0.2	0.8	0.2	90
0.4	0.8	0.2	102
0.6	0.8	0.2	122
0.8	0.8	0.2	150
1	0.8	0.2	186
-1	1	0.2	231
-0.8	1	0.2	195
-0.6	1	0.2	167
-0.4	1	0.2	147
-0.2	1	0.2	135
0	1	0.2	131
0.2	1	0.2	135
0.4	1	0.2	147
0.6	1	0.2	167
0.8	1	0.2	195
1	1	0.2	231
-1	-1	0.4	249
-0.8	-1	0.4	213
-0.6	-1	0.4	185
-0.4	-1	0.4	165
-0.2	-1	0.4	153
0	-1	0.4	149
0.2	-1	0.4	153
0.4	-1	0.4	165
0.6	-1	0.4	185
0.8	-1	0.4	213
1	-1	0.4	249
-1	-0.8	0.4	204
-0.8	-0.8	0.4	168
-0.6	-0.8	0.4	140
-0.4	-0.8	0.4	120
-0.2	-0.8	0.4	108
0	-0.8	0.4	104
0.2	-0.8	0.4	108
0.4	-0.8	0.4	120
0.6	-0.8	0.4	140
0.8	-0.8	0.4	168
1	-0.8	0.4	204
-1	-0.6	0.4	169
-0.8	-0.6	0.4	133
-0.6	-0.6	0.4	105
-0.4	-0.6	0.4	85
-0.2	-0.6	0.4	73
0	-0.6	0.4	69
0.2	-0.6	0.4	73
0.4	-0.6	0.4	85
0.6	-0.6	0.4	105
0.8	-0.6	0.4	133
1	-0.6	0.4	169
-1	-0.4	0.4	144
-0.8	-0.4	0.4	108
-0.6	-0.4	0.4	80
-0.4	-0.4	0.4	60
-0.2	-0.4	0.4	48
0	-0.4	0.4	44
0.2	-0.4	0.4	48
0.4	-0.4	0.4	60
0.6	-0.4	0.4	80
0.8	-0.4	0.4	108
1	-0.4	0.4	144
-1	-0.2	0.4	129
-0.8	-0.2	0.4	93
-0.6	-0.2	0.4	65
-0.4	-0.2	0.4	45
-0.2	-0.2	0.4	33
0	-0.2	0.4	29
0.2	-0.2	0.4	33
0.4	-0.2	0.4	45
0.6	-0.2	0.4	65
0.8	-0.2	0.4	93
1	-0.2	0.4	129
-1	0	0.4	124
-0.8	0	0.4	88
-0.6	0	0.4	60
-0.4	0	0.4	40
-0.2	0	0.4	28
0	0	0.4	24
0.2	0	0.4	28
0.4	0	0.4	40
0.6	0	0.4	60
0.8	0	0.4	88
1	0	0.4	124
-1	0.2	0.4	129
-0.8	0.2	0.4	93
-0.6	0.2	0.4	65
-0.4	0.2	0.4	45
-0.2	0.2	0.4	33
0	0.2	0.4	29
0.2	0.2	0.4	33
0.4	0.2	0.4	45
0.6	0.2	0.4	65
0.8	0.2	0.4	93
1	0.2	0.4	129
-1	0.4	0.4	144
-0.8	0.4	0.4	108
-0.6	0.4	0.4	80
-0.4	0.4	0.4	60
-0.2	0.4	0.4	48
0	0.4	0.4	44
0.2	0.4	0.4	48
0.4	0.4	0.4	60
0.6	0.4	0.4	80
0.8	0.4	0.4	108
1	0.4	0.4	144
-1	0.6	0.4	169
-0.8	0.6	0.4	133
-0.6	0.6	0.4	105
-0.4	0.6	0.4	85
-0.2	0.6	0.4	73
0	0.6	0.4	69
0.2	0.6	0.4	73
0.4	0.6	0.4	85
0.6	0.6	0.4	105
0.8	0.6	0.4	133
1	0.6	0.4	169
-1	0.8	0.4	204
-0.8	0.8	0.4	168
-0.6	0.8	0.4	140
-0.4	0.8	0.4	120
-0.2	0.8	0.4	108
0	0.8	0.4	104
0.2	0.8	0.4	108
0.4	0.8	0.4	120
0.6	0.8	0.4	140
0.8	0.8	0.4	168
1	0.8	0.4	204
-1	1	0.4	249
-0.8	1	0.4	213
-0.6	1	0.4	185
-0.4	1	0.4	165
-0.2	1	0.4	153
0	1	0.4	149
0.2	1	0.4	153
0.4	1	0.4	165
0.6	1	0.4	185
0.8	1	0.4	213
1	1	0.4	249
-1	-1	0.6	279
-0.8	-1	0.6	243
-0.6	-1	0.6	215
-0.4	-1	0.6	195
-0.2	-1	0.6	183
0	-1	0.6	179
0.2	-1	0.6	183
0.4	-1	0.6	195
0.6	-1	0.6	215
0.8	-1	0.6	243
1	-1	0.6	279
-1	-0.8	0.6	234
-0.8	-0.8	0.6	198
-0.6	-0.8	0.6	170
-0.4	-0.8	0.6	150
-0.2	-0.8	0.6	138
0	-0.8	0.6	134
0.2	-0.8	0.6	138
0.4	-0.8	0.6	150
0.6	-0.8	0.6	170
0.8	-0.8	0.6	198
1	-0.8	0.6	234
-1	-0.6	0.6	199
-0.8	-0.6	0.6	163
-0.6	-0.6	0.6	135
-0.4	-0.6	0.6	115
-0.2	-0.6	0.6	103
0	-0.6	0.6	99
0.2	-0.6	0.6	103
0.4	-0.6	0.6	115
0.6	-0.6	0.6	135
0.8	-0.6	0.6	163
1	-0.6	0.6	199
-1	-0.4	0.6	174
-0.8	-0.4	0.6	138
-0.6	-0.4	0.6	110
-0.4	-0.4	0.6	90
-0.2	-0.4	0.6	78
0	-0.4	0.6	74
0.2	-0.4	0.6	78
0.4	-0.4	0.6	90
0.6	-0.4	0.6	110
0.8	-0.4	0.6	138
1	-0.4	0.6	174
-1	-0.2	0.6	159
-0.8	-0.2	0.6	123
-0.6	-0.2	0.6	95
-0.4	-0.2	0.6	75
-0.2	-0.2	0.6	63
0	-0.2	0.6	59
0.2	-0.2	0.6	63
0.4	-0.2	0.6	75
0.6	-0.2	0.6	95
0.8	-0.2	0.6	123
1	-0.2	0.6	159
-1	0	0.6	154
-0.8	0	0.6	118
-0.6	0	0.6	90
-0.4	0	0.6	70
-0.2	0	0.6	58
0	0	0.6	54
0.2	0	0.6	58
0.4	0	0.6	70
0.6	0	0.6	90
0.8	0	0.6	118
1	0	0.6	154
-1	0.2	0.6	159
-0.8	0.2	0.6	123
-0.6	0.2	0.6	95
-0.4	0.2	0.6	75
-0.2	0.2	0.6	63
0	0.2	0.6	59
0.2	0.2	0.6	63
0.4	0.2	0.6	75
0.6	0.2	0.6	95
0.8	0.2	0.6	123
1	0.2	0.6	159
-1	0.4	0.6	174
-0.8	0.4	0.6	138
-0.6	0.4	0.6	110
-0.4	0.4	0.6	90
-0.2	0.4	0.6	78
0	0.4	0.6	74
0.2	0.4	0.6	78
0.4	0.4	0.6	90
0.6	0.4	0.6	110
0.8	0.4	0.6	138
1	0.4	0.6	174
-1	0.6	0.6	199
-0.8	0.6	0.6	163
-0.6	0.6	0.6	135
-0.4	0.6	0.6	115
-0.2	0.6	0.6	103
0	0.6	0.6	99
0.2	0.6	0.6	103
0.4	0.6	0.6	115
0.6	0.6	0.6	135
0.8	0.6	0.6	163
1	0.6	0.6	199
-1	0.8	0.6	234
-0.8	0.8	0.6	198
-0.6	0.8	0.6	170
-0.4	0.8	0.6	150
-0.2	0.8	0.6	138
0	0.8	0.6	134
0.2	0.8	0.6	138
0.4	0.8	0.6	150
0.6	0.8	0.6	170
0.8	0.8	0.6	198
1	0.8	0.6	234
-1	1	0.6	279
-0.8	1	0.6	243
-0.6	1	0.6	215
-0.4	1	0.6	195
-0.2	1	0.6	183
0	1	0.6	179
0.2	1	0.6	183
0.4	1	0.6	195
0.6	1	0.6	215
0.8	1	0.6	243
1	1	0.6	279
-1	-1	0.8	321
-0.8	-1	0.8	285
-0.6	-1	0.8	257
-0.4	-1	0.8	237
-0.2	-1	0.8	225
0	-1	0.8	221
0.2	-1	0.8	225
0.4	-1	0.8	237
0.6	-1	0.8	257
0.8	-1	0.8	285
1	-1	0.8	321
-1	-0.8	0.8	276
-0.8	-0.8	0.8	240
-0.6	-0.8	0.8	212
-0.4	-0.8	0.8	192
-0.2	-0.8	0.8	180
0	-0.8	0.8	176
0.2	-0.8	0.8	180
0.4	-0.8	0.8	192
0.6	-0.8	0.8	212
0.8	-0.8	0.8	240
1	-0.8	0.8	276
-1	-0.6	0.8	241
-0.8	-0.6	0.8	205
-0.6	-0.6	0.8	177
-0.4	-0.6	0.8	157
-0.2	-0.6	0.8	145
0	-0.6	0.8	141
0.2	-0.6	0.8	145
0.4	-0.6	0.8	157
0.6	-0.6	0.8	177
0.8	-0.6	0.8	205
1	-0.6	0.8	241
-1	-0.4	0.8	216
-0.8	-0.4	0.8	180
-0.6	-0.4	0.8	152
-0.4	-0.4	0.8	132
-0.2	-0.4	0.8	120
0	-0.4	0.8	116
0.2	-0.4	0.8	120
0.4	-0.4	0.8	132
0.6	-0.4	0.8	152
0.8	-0.4	0.8	180
1	-0.4	0.8	216
-1	-0.2	0.8	201
-0.8	-0.2	0.8	165
-0.6	-0.2	0.8	137
-0.4	-0.2	0.8	117
-0.2	-0.2	0.8	105
0	-0.2	0.8	101
0.2	-0.2	0.8	105
0.4	-0.2	0.8	117
0.6	-0.2	0.8	137
0.8	-0.2	0.8	165
1	-0.2	0.8	201
-1	0	0.8	196
-0.8	0	0.8	160
-0.6	0	0.8	132
-0.4	0	0.8	112
-0.2	0	0.8	100
0	0	0.8	96
0.2	0	0.8	100
0.4	0	0.8	112
0.6	0	0.8	132
0.8	0	0.8	160
1	0	0.8	196
-1	0.2	0.8	201
-0.8	0.2	0.8	165
-0.6	0.2	0.8	137
-0.4	0.2	0.8	117
-0.2	0.2	0.8	105
0	0.2	0.8	101
0.2	0.2	0.8	105
0.4	0.2	0.8	117
0.6	0.2	0.8	137
0.8	0.2	0.8	165
1	0.2	0.8	201
-1	0.4	0.8	216
-0.8	0.4	0.8	180
-0.6	0.4	0.8	152
-0.4	0.4	0.8	132
-0.2	0.4	0.8	120
0	0.4	0.8	116
0.2	0.4	0.8	120
0.4	0.4	0.8	132
0.6	0.4	0.8	152
0.8	0.4	0.8	180
1	0.4	0.8	216
-1	0.6	0.8	241
-0.8	0.6	0.8	205
-0.6	0.6	0.8	177
-0.4	0.6	0.8	157
-0.2	0.6	0.8	145
0	0.6	0.8	141
0.2	0.6	0.8	145
0.4	0.6	0.8	157
0.6	0.6	0.8	177
0.8	0.6	0.8	205
1	0.6	0.8	241
-1	0.8	0.8	276
-0.8	0.8	0.8	240
-0.6	0.8	0.8	212
-0.4	0.8	0.8	192
-0.2	0.8	0.8	180
0	0.8	0.8	176
0.2	0.8	0.8	180
0.4	0.8	0.8	192
0.6	0.8	0.8	212
0.8	0.8	0.8	240
1	0.8	0.8	276
-1	1	0.8	321
-0.8	1	0.8	285
-0.6	1	0.8	257
-0.4	1	0.8	237
-0.2	1	0.8	225
0	1	0.8	221
0.2	1	0.8	225
0.4	1	0.8	237
0.6	1	0.8	257
0.8	1	0.8	285
1	1	0.8	321
-1	-1	1	375
-0.8	-1	1	339
-0.6	-1	1	311
-0.4	-1	1	291
-0.2	-1	1	279
0	-1	1	275
0.2	-1	1	279
0.4	-1	1	291
0.6	-1	1	311
0.8	-1	1	339
1	-1	1	375
-1	-0.8	1	330
-0.8	-0.8	1	294
-0.6	-0.8	1	266
-0.4	-0.8	1	246
-0.2	-0.8	1	234
0	-0.8	1	230
0.2	-0.8	1	234
0.4	-0.8	1	246
0.6	-0.8	1	266
0.8	-0.8	1	294
1	-0.8	1	330
-1	-0.6	1	295
-0.8	-0.6	1	259
-0.6	-0.6	1	231
-0.4	-0.6	1	211
-0.2	-0.6	1	199
0	-0.6	1	195
0.2	-0.6	1	199
0.4	-0.6	1	211
0.6	-0.6	1	231
0.8	-0.6	1	259
1	-0.6	1	295
-1	-0.4	1	270
-0.8	-0.4	1	234
-0.6	-0.4	1	206
-0.4	-0.4	1	186
-0.2	-0.4	1	174
0	-0.4	1	170
0.2	-0.4	1	174
0.4	-0.4	1	186
0.6	-0.4	1	206
0.8	-0.4	1	234
1	-0.4	1	270
-1	-0.2	1	255
-0.8	-0.2	1	219
-0.6	-0.2	1	191
-0.4	-0.2	1	171
-0.2	-0.2	1	159
0	-0.2	1	155
0.2	-0.2	1	159
0.4	-0.2	1	171
0.6	-0.2	1	191
0.8	-0.2	1	219
1	-0.2	1	255
-1	0	1	250
-0.8	0	1	214
-0.6	0	1	186
-0.4	0	1	166
-0.2	0	1	154
0	0	1	150
0.2	0	1	154
0.4	0	1	166
0.6	0	1	186
0.8	0	1	214
1	0	1	250
-1	0.2	1	255
-0.8	0.2	1	219
-0.6	0.2	1	191
-0.4	0.2	1	171
-0.2	0.2	1	159
0	0.2	1	155
0.2	0.2	1	159
0.4	0.2	1	171
0.6	0.2	1	191
0.8	0.2	1	219
1	0.2	1	255
-1	0.4	1	270
-0.8	0.4	1	234
-0.6	0.4	1	206
-0.4	0.4	1	186
-0.2	0.4	1	174
0	0.4	1	170
0.2	0.4	1	174
0.4	0.4	1	186
0.6	0.4	1	206
0.8	0.4	1	234
1	0.4	1	270
-1	0.6	1	295
-0.8	0.6	1	259
-0.6	0.6	1	231
-0.4	0.6	1	211
-0.2	0.6	1	199
0	0.6	1	195
0.2	0.6	1	199
0.4	0.6	1	211
0.6	0.6	1	231
0.8	0.6	1	259
1	0.6	1	295
-1	0.8	1	330
-0.8	0.8	1	294
-0.6	0.8	1	266
-0.4	0.8	1	246
-0.2	0.8	1	234
0	0.8	1	230
0.2	0.8	1	234
0.4	0.8	1	246
0.6	0.8	1	266
0.8	0.8	1	294
1	0.8	1	330
-1	1	1	375
-0.8	1	1	339
-0.6	1	1	311
-0.4	1	1	291
-0.2	1	1	279
0	1	1	275
0.2	1	1	279
0.4	1	1	291
0.6	1	1	311
0.8	1	1	339
1	1	1	375

