290      
1.1674   0.0   0
1.0   0.0   37132.5
1.05   0.025   26480.9
1.1   0.05   20425.9
1.15   0.075   17706.5
1.2   0.1   17378.1
1.25   0.125   18729.2
1.3   0.15   21222.8
1.35   0.175   24453.8
1.4   0.2   28118.3
1.45   0.225   31990.5
1.5   0.25   35905.8
1.55   0.275   39746.7
1.6   0.3   43432.4
1.65   0.325   46910.5
1.7   0.35   50150.2
1.75   0.375   53136.7
1.8   0.4   55867.4
1.8   0.375   47802.7
1.75   0.35   44987
1.7   0.325   41903.6
1.65   0.3   38555.9
1.6   0.275   34959.5
1.55   0.25   31146.5
1.5   0.225   27170.2
1.45   0.2   23112.1
1.4   0.175   19089.9
1.35   0.15   15267.9
1.3   0.125   11871.1
1.25   0.1   9201.47
1.2   0.075   7662.06
1.15   0.0499999999999999   7786.94
1.1   0.025   10284.5
1.05   0.0   16096.2
1.0   -0.025   26480.9
1.0   -0.05   20425.9
1.05   -0.025   10284.5
1.1   0.0   4692.9
1.15   0.0249999999999999   2395.15
1.2   0.0499999999999999   2452.66
1.25   0.075   4160.25
1.3   0.1   6986.71
1.35   0.125   10531.5
1.4   0.15   14494.4
1.45   0.175   18651.5
1.5   0.2   22839.1
1.55   0.225   26939.1
1.6   0.25   30869.8
1.65   0.275   34576.9
1.7   0.3   38027.2
1.75   0.325   41204
1.8   0.35   44102.9
1.8   0.325   43523.7
1.75   0.3   40544.5
1.7   0.275   37278.8
1.65   0.25   33732.2
1.6   0.225   29922.5
1.55   0.2   25883.8
1.5   0.175   21671.2
1.45   0.15   17366.9
1.4   0.125   13088.7
1.35   0.1   9000.03
1.3   0.0750000000000001   5323.21
1.25   0.05   2356.79
1.2   0.025   498.827
1.15   0.0   277.598
1.1   -0.0249999999999999   2395.15
1.05   -0.0499999999999999   7786.94
1.0   -0.075   17706.5
1.0   -0.1   17378.1
1.05   -0.075   7662.06
1.1   -0.0499999999999999   2452.66
1.15   -0.025   498.827
1.2   0.0   868.095
1.25   0.025   2861.5
1.3   0.05   5953.64
1.35   0.0750000000000001   9748.88
1.4   0.1   13950.6
1.45   0.125   18337.6
1.5   0.15   22747.3
1.55   0.175   27062.2
1.6   0.2   31199.7
1.65   0.225   35104.1
1.7   0.25   38740.5
1.75   0.275   42089.9
1.8   0.3   45145.8
1.8   0.275   48287.2
1.75   0.25   45158.5
1.7   0.225   41730.5
1.65   0.2   38010.5
1.6   0.175   34018.7
1.55   0.15   29790.7
1.5   0.125   25382.6
1.45   0.1   20877.1
1.4   0.075   16391.5
1.35   0.05   12087.4
1.3   0.025   8184.78
1.25   0.0   4978.39
1.2   -0.025   2861.5
1.15   -0.05   2356.79
1.1   -0.075   4160.25
1.05   -0.1   9201.47
1.0   -0.125   18729.2
1.0   -0.15   21222.8
1.05   -0.125   11871.1
1.1   -0.1   6986.71
1.15   -0.0750000000000001   5323.21
1.2   -0.05   5953.64
1.25   -0.025   8184.78
1.3   0.0   11496.6
1.35   0.025   15497.9
1.4   0.0499999999999999   19895.9
1.45   0.075   24472
1.5   0.1   29065.3
1.55   0.125   33558.9
1.6   0.15   37870.3
1.65   0.175   41943.1
1.7   0.2   45740.8
1.75   0.225   49242.7
1.8   0.25   52440.4
1.8   0.225   57227.2
1.75   0.2   53963.8
1.7   0.175   50392.2
1.65   0.15   46521.6
1.6   0.125   42373.5
1.55   0.1   37984.7
1.5   0.075   33411.7
1.45   0.0499999999999999   28737.1
1.4   0.0249999999999999   24077
1.35   0.0   19591.6
1.3   -0.025   15497.9
1.25   -0.05   12087.4
1.2   -0.0750000000000001   9748.88
1.15   -0.1   9000.03
1.1   -0.125   10531.5
1.05   -0.15   15267.9
1.0   -0.175   24453.8
1.0   -0.2   28118.3
1.05   -0.175   19089.9
1.1   -0.15   14494.4
1.15   -0.125   13088.7
1.2   -0.1   13950.6
1.25   -0.075   16391.5
1.3   -0.0499999999999999   19895.9
1.35   -0.0249999999999999   24077
1.4   0.0   28645.1
1.45   0.025   33384.2
1.5   0.05   38135.2
1.55   0.0750000000000001   42782.5
1.6   0.1   47243.9
1.65   0.125   51462.9
1.7   0.15   55402.3
1.75   0.175   59040.3
1.8   0.2   62366.6
1.8   0.175   67650.9
1.75   0.15   64263.6
1.7   0.125   60562
1.65   0.1   56556.8
1.6   0.0750000000000001   52270.4
1.55   0.05   47740.1
1.5   0.025   43022.2
1.45   0.0   38198.6
1.4   -0.025   33384.2
1.35   -0.0499999999999999   28737.1
1.3   -0.075   24472
1.25   -0.1   20877.1
1.2   -0.125   18337.6
1.15   -0.15   17366.9
1.1   -0.175   18651.5
1.05   -0.2   23112.1
1.0   -0.225   31990.5
1.0   -0.25   35905.8
1.05   -0.225   27170.2
1.1   -0.2   22839.1
1.15   -0.175   21671.2
1.2   -0.15   22747.3
1.25   -0.125   25382.6
1.3   -0.1   29065.3
1.35   -0.075   33411.7
1.4   -0.05   38135.2
1.45   -0.025   43022.2
1.5   0.0   47915.6
1.55   0.025   52701.2
1.6   0.05   57297.8
1.65   0.075   61649
1.7   0.1   65717.8
1.75   0.125   69481.5
1.8   0.15   72928.7
1.8   0.125   78091
1.75   0.1   74584
1.7   0.075   70759.1
1.65   0.0499999999999999   66628
1.6   0.025   62213.4
1.55   0.0   57552.6
1.5   -0.025   52701.2
1.45   -0.05   47740.1
1.4   -0.0750000000000001   42782.5
1.35   -0.1   37984.7
1.3   -0.125   33558.9
1.25   -0.15   29790.7
1.2   -0.175   27062.2
1.15   -0.2   25883.8
1.1   -0.225   26939.1
1.05   -0.25   31146.5
1.0   -0.275   39746.7
1.0   -0.3   43432.4
1.05   -0.275   34959.5
1.1   -0.25   30869.8
1.15   -0.225   29922.5
1.2   -0.2   31199.7
1.25   -0.175   34018.7
1.3   -0.15   37870.3
1.35   -0.125   42373.5
1.4   -0.1   47243.9
1.45   -0.0750000000000001   52270.4
1.5   -0.05   57297.8
1.55   -0.025   62213.4
1.6   0.0   66937.4
1.65   0.0249999999999999   71414.3
1.7   0.0499999999999999   75607.4
1.75   0.075   79493.7
1.8   0.1   83061.1
1.8   0.0750000000000001   87786.4
1.75   0.05   84157
1.7   0.025   80208.5
1.65   0.0   75953.3
1.6   -0.0249999999999999   71414.3
1.55   -0.0499999999999999   66628
1.5   -0.075   61649
1.45   -0.1   56556.8
1.4   -0.125   51462.9
1.35   -0.15   46521.6
1.3   -0.175   41943.1
1.25   -0.2   38010.5
1.2   -0.225   35104.1
1.15   -0.25   33732.2
1.1   -0.275   34576.9
1.05   -0.3   38555.9
1.0   -0.325   46910.5
1.0   -0.35   50150.2
1.05   -0.325   41903.6
1.1   -0.3   38027.2
1.15   -0.275   37278.8
1.2   -0.25   38740.5
1.25   -0.225   41730.5
1.3   -0.2   45740.8
1.35   -0.175   50392.2
1.4   -0.15   55402.3
1.45   -0.125   60562
1.5   -0.1   65717.8
1.55   -0.075   70759.1
1.6   -0.0499999999999999   75607.4
1.65   -0.025   80208.5
1.7   0.0   84526.4
1.75   0.025   88538.3
1.8   0.05   92231.7
1.8   0.025   96374.9
1.75   0.0   92615.2
1.7   -0.025   88538.3
1.65   -0.05   84157
1.6   -0.075   79493.7
1.55   -0.1   74584
1.5   -0.125   69481.5
1.45   -0.15   64263.6
1.4   -0.175   59040.3
1.35   -0.2   53963.8
1.3   -0.225   49242.7
1.25   -0.25   45158.5
1.2   -0.275   42089.9
1.15   -0.3   40544.5
1.1   -0.325   41204
1.05   -0.35   44987
1.0   -0.375   53136.7
1.0   -0.4   55867.4
1.05   -0.375   47802.7
1.1   -0.35   44102.9
1.15   -0.325   43523.7
1.2   -0.3   45145.8
1.25   -0.275   48287.2
1.3   -0.25   52440.4
1.35   -0.225   57227.2
1.4   -0.2   62366.6
1.45   -0.175   67650.9
1.5   -0.15   72928.7
1.55   -0.125   78091
1.6   -0.1   83061.1
1.65   -0.0750000000000001   87786.4
1.7   -0.05   92231.7
1.75   -0.025   96374.9
1.8   0.0   100203
