1.1674000000 0.0000000000 0.1145977202
1.0000000000 0.0000000000 0.1146650792
1.0500000000 0.0250000000 0.1145833400
1.1000000000 0.0500000000 0.1145831899
1.1500000000 0.0750000000 0.1145836579
1.2000000000 0.1000000000 0.1145832851
1.2500000000 0.1250000000 0.1145833412
1.3000000000 0.1500000000 0.1145833484
1.3500000000 0.1750000000 0.1145833172
1.4000000000 0.2000000000 0.1145834298
1.4500000000 0.2250000000 0.1145833403
1.5000000000 0.2500000000 0.1145833324
1.5500000000 0.2750000000 0.1145833297
1.6000000000 0.3000000000 0.1145833329
1.6500000000 0.3250000000 0.1145833340
1.7000000000 0.3500000000 0.1145834212
1.7500000000 0.3750000000 0.1145828294
1.8000000000 0.4000000000 0.1146239725
1.8000000000 0.3750000000 0.1146232198
1.7500000000 0.3500000000 0.1145833235
1.7000000000 0.3250000000 0.1145833659
1.6500000000 0.3000000000 0.1145833438
1.6000000000 0.2750000000 0.1145833458
1.5500000000 0.2500000000 0.1145832453
1.5000000000 0.2250000000 0.1145832581
1.4500000000 0.2000000000 0.1145833627
1.4000000000 0.1750000000 0.1145832700
1.3500000000 0.1500000000 0.1145833135
1.3000000000 0.1250000000 0.1145833233
1.2500000000 0.1000000000 0.1145833307
1.2000000000 0.0750000000 0.1145832224
1.1500000000 0.0500000000 0.1145872109
1.1000000000 0.0250000000 0.1145822508
1.0500000000 0.0000000000 0.1145833446
1.0000000000 -0.0250000000 0.1146650795
1.0000000000 -0.0500000000 0.1146650799
1.0500000000 -0.0250000000 0.1145833303
1.1000000000 0.0000000000 0.1145799966
1.1500000000 0.0250000000 0.1146086798
1.2000000000 0.0500000000 0.1145792451
1.2500000000 0.0750000000 0.1145834775
1.3000000000 0.1000000000 0.1145833590
1.3500000000 0.1250000000 0.1145832766
1.4000000000 0.1500000000 0.1145834722
1.4500000000 0.1750000000 0.1145831614
1.5000000000 0.2000000000 0.1145833621
1.5500000000 0.2250000000 0.1145836545
1.6000000000 0.2500000000 0.1145833849
1.6500000000 0.2750000000 0.1145830503
1.7000000000 0.3000000000 0.1145831756
1.7500000000 0.3250000000 0.1145833449
1.8000000000 0.3500000000 0.1146204866
1.8000000000 0.3250000000 0.1146205044
1.7500000000 0.3000000000 0.1145647554
1.7000000000 0.2750000000 0.1145636674
1.6500000000 0.2500000000 0.1145625118
1.6000000000 0.2250000000 0.1145612848
1.5500000000 0.2000000000 0.1145599833
1.5000000000 0.1750000000 0.1145586039
1.4500000000 0.1500000000 0.1145571438
1.4000000000 0.1250000000 0.1145556005
1.3500000000 0.1000000000 0.1145539725
1.3000000000 0.0750000000 0.1145522591
1.2500000000 0.0500000000 0.1145504607
1.2000000000 0.0250000000 0.1145588900
1.1500000000 0.0000000000 0.1146133125
1.1000000000 -0.0250000000 0.1145748940
1.0500000000 -0.0500000000 0.1145425039
1.0000000000 -0.0750000000 0.1146650793
1.0000000000 -0.1000000000 0.1146650786
1.0500000000 -0.0750000000 0.1145425039
1.1000000000 -0.0500000000 0.1145749088
1.1500000000 -0.0250000000 0.1146133107
1.2000000000 0.0000000000 0.1145588960
1.2500000000 0.0250000000 0.1145864689
1.3000000000 0.0500000000 0.1145522591
1.3500000000 0.0750000000 0.1145539725
1.4000000000 0.1000000000 0.1145556005
1.4500000000 0.1250000000 0.1145571438
1.5000000000 0.1500000000 0.1145586039
1.5500000000 0.1750000000 0.1145599833
1.6000000000 0.2000000000 0.1145612848
1.6500000000 0.2250000000 0.1145625118
1.7000000000 0.2500000000 0.1145636675
1.7500000000 0.2750000000 0.1145647553
1.8000000000 0.3000000000 0.1146204945
1.8000000000 0.2750000000 0.1146205227
1.7500000000 0.2500000000 0.1145647553
1.7000000000 0.2250000000 0.1145636674
1.6500000000 0.2000000000 0.1145625118
1.6000000000 0.1750000000 0.1145612849
1.5500000000 0.1500000000 0.1145599833
1.5000000000 0.1250000000 0.1145586039
1.4500000000 0.1000000000 0.1145571438
1.4000000000 0.0750000000 0.1145556005
1.3500000000 0.0500000000 0.1145539725
1.3000000000 0.0250000000 0.1145522591
1.2500000000 0.0000000000 0.1145864411
1.2000000000 -0.0250000000 0.1145589383
1.1500000000 -0.0500000000 0.1146129354
1.1000000000 -0.0750000000 0.1145445918
1.0500000000 -0.1000000000 0.1145425039
1.0000000000 -0.1250000000 0.1146650822
1.0000000000 -0.1500000000 0.1146650800
1.0500000000 -0.1250000000 0.1145425039
1.1000000000 -0.1000000000 0.1145445918
1.1500000000 -0.0750000000 0.1146074812
1.2000000000 -0.0500000000 0.1145592202
1.2500000000 -0.0250000000 0.1145866141
1.3000000000 0.0000000000 0.1145522591
1.3500000000 0.0250000000 0.1145539725
1.4000000000 0.0500000000 0.1145556005
1.4500000000 0.0750000000 0.1145571438
1.5000000000 0.1000000000 0.1145586039
1.5500000000 0.1250000000 0.1145599833
1.6000000000 0.1500000000 0.1145612849
1.6500000000 0.1750000000 0.1145625118
1.7000000000 0.2000000000 0.1145636675
1.7500000000 0.2250000000 0.1145647553
1.8000000000 0.2500000000 0.1146204997
1.8000000000 0.2250000000 0.1146205285
1.7500000000 0.2000000000 0.1145647553
1.7000000000 0.1750000000 0.1145636675
1.6500000000 0.1500000000 0.1145625118
1.6000000000 0.1250000000 0.1145612849
1.5500000000 0.1000000000 0.1145599833
1.5000000000 0.0750000000 0.1145586039
1.4500000000 0.0500000000 0.1145571438
1.4000000000 0.0250000000 0.1145556005
1.3500000000 0.0000000000 0.1145539725
1.3000000000 -0.0250000000 0.1145522591
1.2500000000 -0.0500000000 0.1145504607
1.2000000000 -0.0750000000 0.1145502301
1.1500000000 -0.1000000000 0.1145466209
1.1000000000 -0.1250000000 0.1145445918
1.0500000000 -0.1500000000 0.1145425039
1.0000000000 -0.1750000000 0.1146650788
1.0000000000 -0.2000000000 0.1146650798
1.0500000000 -0.1750000000 0.1145425039
1.1000000000 -0.1500000000 0.1145445918
1.1500000000 -0.1250000000 0.1145466209
1.2000000000 -0.1000000000 0.1145485797
1.2500000000 -0.0750000000 0.1145504607
1.3000000000 -0.0500000000 0.1145522591
1.3500000000 -0.0250000000 0.1145539725
1.4000000000 0.0000000000 0.1145556005
1.4500000000 0.0250000000 0.1145571438
1.5000000000 0.0500000000 0.1145586039
1.5500000000 0.0750000000 0.1145599833
1.6000000000 0.1000000000 0.1145612849
1.6500000000 0.1250000000 0.1145625118
1.7000000000 0.1500000000 0.1145636675
1.7500000000 0.1750000000 0.1145647554
1.8000000000 0.2000000000 0.1146205088
1.8000000000 0.1750000000 0.1146205024
1.7500000000 0.1500000000 0.1145647553
1.7000000000 0.1250000000 0.1145636674
1.6500000000 0.1000000000 0.1145625118
1.6000000000 0.0750000000 0.1145612849
1.5500000000 0.0500000000 0.1145599833
1.5000000000 0.0250000000 0.1145586039
1.4500000000 0.0000000000 0.1145571438
1.4000000000 -0.0250000000 0.1145556005
1.3500000000 -0.0500000000 0.1145539725
1.3000000000 -0.0750000000 0.1145522591
1.2500000000 -0.1000000000 0.1145504607
1.2000000000 -0.1250000000 0.1145485797
1.1500000000 -0.1500000000 0.1145466209
1.1000000000 -0.1750000000 0.1145445918
1.0500000000 -0.2000000000 0.1145425039
1.0000000000 -0.2250000000 0.1146650802
1.0000000000 -0.2500000000 0.1146650819
1.0500000000 -0.2250000000 0.1145425039
1.1000000000 -0.2000000000 0.1145445918
1.1500000000 -0.1750000000 0.1145466209
1.2000000000 -0.1500000000 0.1145485797
1.2500000000 -0.1250000000 0.1145504607
1.3000000000 -0.1000000000 0.1145522591
1.3500000000 -0.0750000000 0.1145539725
1.4000000000 -0.0500000000 0.1145556005
1.4500000000 -0.0250000000 0.1145571438
1.5000000000 0.0000000000 0.1145586039
1.5500000000 0.0250000000 0.1145599833
1.6000000000 0.0500000000 0.1145612849
1.6500000000 0.0750000000 0.1145625118
1.7000000000 0.1000000000 0.1145636675
1.7500000000 0.1250000000 0.1145647553
1.8000000000 0.1500000000 0.1146205163
1.8000000000 0.1250000000 0.1146204999
1.7500000000 0.1000000000 0.1145647553
1.7000000000 0.0750000000 0.1145636674
1.6500000000 0.0500000000 0.1145625118
1.6000000000 0.0250000000 0.1145612849
1.5500000000 0.0000000000 0.1145599833
1.5000000000 -0.0250000000 0.1145586039
1.4500000000 -0.0500000000 0.1145571438
1.4000000000 -0.0750000000 0.1145556005
1.3500000000 -0.1000000000 0.1145539725
1.3000000000 -0.1250000000 0.1145522590
1.2500000000 -0.1500000000 0.1145504607
1.2000000000 -0.1750000000 0.1145485797
1.1500000000 -0.2000000000 0.1145466209
1.1000000000 -0.2250000000 0.1145445918
1.0500000000 -0.2500000000 0.1145425039
1.0000000000 -0.2750000000 0.1146650805
1.0000000000 -0.3000000000 0.1146650782
1.0500000000 -0.2750000000 0.1145425039
1.1000000000 -0.2500000000 0.1145445918
1.1500000000 -0.2250000000 0.1145466209
1.2000000000 -0.2000000000 0.1145485798
1.2500000000 -0.1750000000 0.1145504607
1.3000000000 -0.1500000000 0.1145522591
1.3500000000 -0.1250000000 0.1145539725
1.4000000000 -0.1000000000 0.1145556005
1.4500000000 -0.0750000000 0.1145571438
1.5000000000 -0.0500000000 0.1145586039
1.5500000000 -0.0250000000 0.1145599833
1.6000000000 0.0000000000 0.1145612849
1.6500000000 0.0250000000 0.1145625118
1.7000000000 0.0500000000 0.1145636674
1.7500000000 0.0750000000 0.1145647554
1.8000000000 0.1000000000 0.1146205077
1.8000000000 0.0750000000 0.1146205094
1.7500000000 0.0500000000 0.1145647553
1.7000000000 0.0250000000 0.1145636674
1.6500000000 0.0000000000 0.1145625118
1.6000000000 -0.0250000000 0.1145612849
1.5500000000 -0.0500000000 0.1145599833
1.5000000000 -0.0750000000 0.1145586039
1.4500000000 -0.1000000000 0.1145571438
1.4000000000 -0.1250000000 0.1145556005
1.3500000000 -0.1500000000 0.1145539725
1.3000000000 -0.1750000000 0.1145522591
1.2500000000 -0.2000000000 0.1145504607
1.2000000000 -0.2250000000 0.1145485797
1.1500000000 -0.2500000000 0.1145466209
1.1000000000 -0.2750000000 0.1145445918
1.0500000000 -0.3000000000 0.1145425039
1.0000000000 -0.3250000000 0.1146650818
1.0000000000 -0.3500000000 0.1146650811
1.0500000000 -0.3250000000 0.1145833022
1.1000000000 -0.3000000000 0.1145833532
1.1500000000 -0.2750000000 0.1145833299
1.2000000000 -0.2500000000 0.1145833029
1.2500000000 -0.2250000000 0.1145831556
1.3000000000 -0.2000000000 0.1145831710
1.3500000000 -0.1750000000 0.1145832324
1.4000000000 -0.1500000000 0.1145834418
1.4500000000 -0.1250000000 0.1145833006
1.5000000000 -0.1000000000 0.1145832853
1.5500000000 -0.0750000000 0.1145834420
1.6000000000 -0.0500000000 0.1145830695
1.6500000000 -0.0250000000 0.1145833479
1.7000000000 0.0000000000 0.1145833703
1.7500000000 0.0250000000 0.1145833622
1.8000000000 0.0500000000 0.1146205167
1.8000000000 0.0250000000 0.1146205123
1.7500000000 0.0000000000 0.1145832936
1.7000000000 -0.0250000000 0.1145834180
1.6500000000 -0.0500000000 0.1145832547
1.6000000000 -0.0750000000 0.1145832484
1.5500000000 -0.1000000000 0.1145832803
1.5000000000 -0.1250000000 0.1145833958
1.4500000000 -0.1500000000 0.1145832733
1.4000000000 -0.1750000000 0.1145832760
1.3500000000 -0.2000000000 0.1145832823
1.3000000000 -0.2250000000 0.1145833184
1.2500000000 -0.2500000000 0.1145833351
1.2000000000 -0.2750000000 0.1145832764
1.1500000000 -0.3000000000 0.1145833048
1.1000000000 -0.3250000000 0.1145833389
1.0500000000 -0.3500000000 0.1145833241
1.0000000000 -0.3750000000 0.1145862293
1.0000000000 -0.4000000000 0.1145782894
1.0500000000 -0.3750000000 0.1145834255
1.1000000000 -0.3500000000 0.1145833238
1.1500000000 -0.3250000000 0.1145833327
1.2000000000 -0.3000000000 0.1145833442
1.2500000000 -0.2750000000 0.1145833363
1.3000000000 -0.2500000000 0.1145833253
1.3500000000 -0.2250000000 0.1145833817
1.4000000000 -0.2000000000 0.1145833671
1.4500000000 -0.1750000000 0.1145833416
1.5000000000 -0.1500000000 0.1145833393
1.5500000000 -0.1250000000 0.1145833057
1.6000000000 -0.1000000000 0.1145833311
1.6500000000 -0.0750000000 0.1145832955
1.7000000000 -0.0500000000 0.1145832983
1.7500000000 -0.0250000000 0.1145832598
1.8000000000 0.0000000000 0.1146205054
