1.5714100000 -1.5693900000 0.0445202827
1.9204800000 -1.5693900000 0.0376509265
2.2695500000 -1.5693900000 0.0270576881
2.6186100000 -1.5693900000 0.0193383369
2.9676800000 -1.5693900000 -0.0003425244
-2.9664400000 -1.5693900000 -0.0100823036
-2.6173800000 -1.5693900000 -0.0219325322
-2.2683100000 -1.5693900000 -0.0200083125
-1.9192400000 -1.5693900000 -0.0188156305
-1.5701800000 -1.5693900000 -0.0204095716
-1.2211100000 -1.5693900000 -0.0040585903
-0.8720450000 -1.5693900000 -0.0056630248
-0.5229790000 -1.5693900000 -0.0055183673
-0.1739130000 -1.5693900000 -0.0091897948
0.1751530000 -1.5693900000 -0.0054231961
0.5242200000 -1.5693900000 0.0044104087
0.8732880000 -1.5693900000 0.0135314230
1.2223500000 -1.5693900000 0.0204961575
1.2223500000 -1.2203200000 0.0071303950
0.8732830000 -1.2203200000 0.0027576288
0.5242150000 -1.2203200000 -0.0019198189
0.1751490000 -1.2203200000 -0.0058262694
-0.1739170000 -1.2203200000 -0.0073073197
-0.5229850000 -1.2203200000 -0.0055465710
-0.8720490000 -1.2203200000 -0.0013221344
-1.2211100000 -1.2203200000 0.0022296293
-1.5701800000 -1.2203200000 0.0006086641
-1.9192500000 -1.2203200000 -0.0201629526
-2.2683100000 -1.2203200000 -0.0198818795
-2.6173800000 -1.2203200000 -0.0181561181
-2.9664400000 -1.2203200000 0.0483608764
2.9676800000 -1.2203200000 -0.0024697687
2.6186100000 -1.2203200000 0.0304904187
2.2695400000 -1.2203200000 0.0377660008
1.9204800000 -1.2203200000 0.0237535299
1.5714100000 -1.2203200000 0.0222213233
1.5714100000 -0.8712530000 0.0064712859
1.9204800000 -0.8712530000 0.0202703008
2.2695500000 -0.8712530000 0.0349878803
2.6186200000 -0.8712530000 0.0304671643
2.9676800000 -0.8712530000 0.0530280277
-2.9664400000 -0.8712530000 0.0313533190
-2.6173800000 -0.8712530000 -0.0086450638
-1.2211100000 -0.8712530000 0.0638451338
0.1751530000 -0.8712530000 0.0622950109
0.5242220000 -0.8712530000 -0.0054807632
0.8732860000 -0.8712530000 -0.0063651622
1.2223500000 -0.8712530000 0.0059115581
1.2223500000 -0.5221850000 -0.0688175782
0.8732810000 -0.5221870000 -0.0115594263
0.5242170000 -0.5221870000 -0.0510803153
0.1751490000 -0.5221870000 -0.0755409742
-0.5229850000 -0.5221890000 -0.0446141412
-1.9192500000 -0.5221870000 0.0735267970
1.9204800000 -0.5221890000 0.0874242420
-1.5701800000 -0.1731210000 -0.0624281500
0.1751530000 -0.1731210000 0.0947048783
1.5714200000 0.5250140000 -0.0802692042
2.6186200000 0.5250110000 0.0228525349
0.1751530000 0.5250110000 -0.0152126829
1.2223500000 0.8740790000 0.0721610126
-2.6173800000 0.8740770000 0.0101976111
-2.9664400000 0.8740770000 -0.0927802536
2.9676800000 0.8740770000 -0.0710778252
2.6186100000 0.8740770000 -0.0173693562
2.2695500000 0.8740770000 -0.0145844549
1.9204800000 0.8740770000 -0.0043552182
1.5714100000 0.8740770000 0.0391058851
1.5714100000 1.2231400000 0.0090601414
1.9204800000 1.2231400000 -0.0005118342
2.2695500000 1.2231400000 -0.0196717723
2.6186200000 1.2231400000 -0.0174806820
2.9676800000 1.2231400000 0.0175059012
-2.9664400000 1.2231400000 -0.0311043786
-2.6173800000 1.2231400000 0.0284390730
-2.2683100000 1.2231400000 0.0374144594
-1.9192400000 1.2231400000 0.0439472460
-1.5701800000 1.2231400000 0.0246233157
-1.2211100000 1.2231400000 0.0058442540
-0.8720440000 1.2231400000 -0.0032146922
-0.5229790000 1.2231400000 -0.0084887626
-0.1739130000 1.2231400000 -0.0080581524
0.1751530000 1.2231400000 -0.0076838579
0.5242220000 1.2231400000 -0.0033431343
0.8732860000 1.2231400000 0.0022367413
1.2223500000 1.2231400000 0.0034256856
1.2223500000 1.5722100000 -0.0076675331
0.8732810000 1.5722100000 -0.0011170902
0.5242170000 1.5722100000 -0.0085177683
0.1751510000 1.5722100000 -0.0105692541
-0.1739170000 1.5722100000 -0.0060956903
-0.5229850000 1.5722100000 0.0048399838
-0.8720490000 1.5722100000 0.0135690550
-1.2211100000 1.5722100000 0.0190439479
-1.5701800000 1.5722100000 0.0441148784
-1.9192500000 1.5722100000 0.0371215340
-2.2683100000 1.5722100000 0.0277208561
-2.6173800000 1.5722100000 0.0182771958
-2.9664500000 1.5722100000 0.0285957819
2.9676800000 1.5722100000 -0.0297178799
2.6186100000 1.5722100000 -0.0216887925
2.2695500000 1.5722100000 -0.0202389004
1.9204800000 1.5722100000 -0.0188628705
1.5714100000 1.5722100000 -0.0208715914
1.5714100000 1.9212800000 -0.0192127014
1.9204800000 1.9212700000 -0.0198592190
2.2695500000 1.9212700000 -0.0233090077
2.6186200000 1.9212700000 -0.0235425958
2.9676800000 1.9212700000 -0.0737435871
-2.9664400000 1.9212700000 0.0384558249
-2.6173800000 1.9212700000 0.0065907937
-2.2683100000 1.9212700000 0.0131258607
-1.9192400000 1.9212700000 0.0253374890
-1.5701800000 1.9212700000 0.0375387984
-1.2211100000 1.9212700000 0.0269639820
-0.8720450000 1.9212700000 0.0207208270
-0.5229790000 1.9212700000 0.0079751091
-0.1739130000 1.9212700000 -0.0039086240
0.1751530000 1.9212700000 -0.0081872167
0.5242220000 1.9212700000 -0.0068670129
0.8732860000 1.9212700000 -0.0012118899
1.2223500000 1.9212700000 -0.0215190423
1.2223500000 2.2703400000 -0.0212736091
0.8732810000 2.2703400000 -0.0019911294
0.5242170000 2.2703400000 -0.0055938535
0.1751490000 2.2703400000 -0.0085915780
-0.1739170000 2.2703400000 -0.0030417622
-0.5229850000 2.2703400000 0.0075290167
-0.8720490000 2.2703400000 0.0218562620
-1.2211100000 2.2703400000 0.0370968169
-1.5701800000 2.2703400000 0.0275606783
-1.9192500000 2.2703400000 0.0141390723
-2.2683100000 2.2703400000 0.0034158349
-2.6173800000 2.2703400000 -0.0002660416
-2.9664400000 2.2703400000 0.0465376340
2.9676800000 2.2703400000 -0.0908365119
2.6186100000 2.2703400000 -0.0004538420
2.2695500000 2.2703400000 -0.0255533233
1.9204800000 2.2703400000 -0.0121377549
1.5714100000 2.2703400000 -0.0160062692
1.5714100000 2.6194100000 -0.0050223358
-2.9664400000 2.6194100000 0.0062881928
-2.6173800000 2.6194100000 -0.0038916718
-2.2683100000 2.6194100000 -0.0003315760
-1.9192400000 2.6194100000 0.0058179559
-1.5701800000 2.6194100000 0.0187174225
-1.2211100000 2.6194100000 0.0282099021
-0.8720440000 2.6194100000 0.0286808760
-0.5229790000 2.6194100000 0.0161667354
-0.1739130000 2.6194100000 0.0146296044
0.1751530000 2.6194100000 0.0067498264
0.5242220000 2.6194100000 -0.0073675024
0.8732860000 2.6194100000 -0.0147749105
1.2223500000 2.6194100000 0.0428901116
0.1751490000 2.9684700000 0.0162931082
-0.1739170000 2.9684700000 -0.0045691232
-0.5229850000 2.9684700000 0.0045177535
-1.2211100000 2.9684700000 0.0045750246
-1.5701800000 2.9684700000 0.0332681072
-1.9192500000 2.9684700000 -0.0226711282
-2.2683100000 2.9684700000 0.0520763615
-2.6173800000 2.9684700000 0.0132180994
2.9676800000 2.9684700000 0.0866881150
1.9204800000 2.9684700000 0.0462072065
1.5714100000 -2.9656500000 0.0066257960
1.9204800000 -2.9656500000 0.0348354264
2.2695500000 -2.9656500000 0.0615557758
-2.9664400000 -2.9656500000 0.0090258525
-2.6173800000 -2.9656500000 -0.0462859917
-2.2683100000 -2.9656500000 -0.0755397607
-1.9192400000 -2.9656500000 -0.0386970751
-1.5701800000 -2.9656500000 -0.0115265462
-1.2211100000 -2.9656500000 0.0080652227
-0.8720450000 -2.9656500000 0.0479416883
-0.1739130000 -2.9656500000 0.0193286157
0.1751530000 -2.9656500000 0.0156554487
0.5242220000 -2.9656500000 0.0015864224
0.8732860000 -2.9656500000 0.0449369552
1.2223500000 -2.9656500000 0.0165672831
1.2223500000 -2.6165800000 0.0291641028
0.8732810000 -2.6165800000 0.0298849654
0.5242170000 -2.6165800000 0.0249286431
0.1751490000 -2.6165800000 0.0128859043
-0.1739170000 -2.6165800000 0.0078596314
-0.5229850000 -2.6165800000 0.0011036221
-0.8720490000 -2.6165800000 -0.0162728942
-1.2211100000 -2.6165800000 -0.0189199899
-1.5701800000 -2.6165800000 -0.0216615941
-1.9192500000 -2.6165800000 -0.0248497642
-2.2683100000 -2.6165800000 -0.0255374599
-2.6173800000 -2.6165800000 -0.0202069948
2.6186100000 -2.6165800000 -0.0024423476
2.2695500000 -2.6165800000 -0.0004675234
1.9204800000 -2.6165800000 0.0066985709
1.5714100000 -2.6165800000 0.0191187387
1.5714200000 -2.2675100000 0.0272440409
1.9204800000 -2.2675200000 0.0140668814
2.2695500000 -2.2675200000 0.0047075540
2.6186100000 -2.2675200000 -0.0003720164
2.9676800000 -2.2675200000 0.0659833678
-2.9664400000 -2.2675200000 -0.0574927377
-2.6173800000 -2.2675200000 -0.0255852306
-2.2683100000 -2.2675200000 -0.0253834587
-1.9192400000 -2.2675200000 -0.0230548619
-1.5701800000 -2.2675200000 -0.0201472250
-1.2211100000 -2.2675200000 -0.0196965063
-0.8720450000 -2.2675200000 -0.0195523143
-0.5229790000 -2.2675200000 -0.0132179084
-0.1739130000 -2.2675200000 -0.0068229778
0.1751530000 -2.2675200000 -0.0011551270
0.5242220000 -2.2675200000 0.0092466660
0.8732860000 -2.2675200000 0.0358898458
1.2223500000 -2.2675200000 0.0380052583
1.2223500000 -1.9184500000 0.0433674081
0.8732810000 -1.9184500000 0.0201085428
0.5242150000 -1.9184500000 0.0091835567
0.1751490000 -1.9184500000 -0.0034922649
-0.1739170000 -1.9184500000 -0.0095046287
-0.5229850000 -1.9184500000 -0.0068686945
-0.8720490000 -1.9184500000 -0.0022815118
-1.2211100000 -1.9184500000 -0.0214631800
-1.5701800000 -1.9184500000 -0.0187640820
-1.9192500000 -1.9184500000 -0.0202543182
-2.2683100000 -1.9184500000 -0.0229726226
-2.6173800000 -1.9184500000 -0.0245858333
-2.9664500000 -1.9184500000 -0.0332670468
2.9676800000 -1.9184500000 0.0570213105
2.6186100000 -1.9184500000 0.0055126899
2.2695500000 -1.9184500000 0.0132802937
1.9204800000 -1.9184500000 0.0253284867
1.5714100000 -1.9184500000 0.0372649222
