325
-0.0002530730 0.0002321290 -0.1711883600
-1.5708000000 -3.1415900000 -0.0834110075
-1.2217300000 3.1415900000 -0.0007352220
-0.8726630000 3.1415900000 -0.0299686083
-0.5235990000 3.1415900000 -0.0758021999
-0.1745310000 3.1415900000 -0.0834760153
0.1745330000 3.1415900000 -0.0410531741
0.5235960000 3.1415900000 -0.0357526890
0.8726630000 3.1415900000 -0.0104973323
1.2217300000 3.1415900000 0.0167268464
1.5708000000 3.1415900000 -0.1349736385
1.9198600000 -3.1415900000 0.1040415436
2.2689300000 -3.1415900000 -0.0957191837
2.6180000000 3.1415900000 0.0469793777
2.9670600000 3.1415900000 0.0193190343
-2.9670600000 3.1415900000 0.0612964266
-2.6180000000 3.1415900000 0.0429832934
-2.2689300000 3.1415900000 0.2218009069
-1.9198700000 3.1415900000 0.0667572993
-1.9198600000 -2.7925300000 0.0560509302
-2.2689300000 -2.7925300000 -0.2151180904
-2.6180000000 -2.7925300000 -0.0254026402
-2.9670600000 -2.7925300000 -0.0821630000
2.9670600000 -2.7925300000 0.0706403361
2.6180000000 -2.7925300000 0.0579832406
2.2689300000 -2.7925300000 -0.0116048345
1.9198600000 -2.7925300000 0.1099373769
1.5708000000 -2.7925300000 -0.0037266912
1.2217300000 -2.7925300000 -0.0575140372
0.8726630000 -2.7925300000 -0.1095436974
0.5235970000 -2.7925300000 -0.0973721915
0.1745310000 -2.7925300000 -0.0729956448
-0.1745310000 -2.7925300000 -0.0305102693
-0.5235970000 -2.7925300000 0.0303740715
-0.8726630000 -2.7925300000 0.0928237526
-1.2217300000 -2.7925300000 0.0497704289
-1.5708000000 -2.7925300000 -0.0012222317
-1.5708000000 -2.4434600000 -0.0156280267
-1.2217300000 -2.4434600000 0.0079731225
-0.8726630000 -2.4434600000 -0.0020652192
-0.5235990000 -2.4434600000 -0.0231395080
-0.1745310000 -2.4434600000 -0.0461701102
0.1745310000 -2.4434600000 -0.0443833219
0.5235960000 -2.4434700000 -0.0499261500
0.8726630000 -2.4434600000 -0.0307844524
1.2217300000 -2.4434600000 0.0140480823
1.5708000000 -2.4434600000 0.1158955651
1.9198600000 -2.4434600000 0.1504300895
2.2689300000 -2.4434600000 0.0623260049
2.6180000000 -2.4434600000 0.0382325557
2.9670600000 -2.4434600000 0.0451396633
-2.9670600000 -2.4434600000 0.0244497475
-2.6180000000 -2.4434600000 0.0869547758
-2.2689300000 -2.4434600000 0.0861913714
-1.9198600000 -2.4434600000 0.0238986052
-1.9198600000 -2.0943900000 0.0541181332
-2.2689300000 -2.0944000000 0.1193926149
-2.6180000000 -2.0944000000 0.0749447058
-2.9670600000 -2.0944000000 0.0017712485
2.9670600000 -2.0943900000 0.0190361320
2.6180000000 -2.0943900000 0.0553013057
2.2689300000 -2.0943900000 0.1005737190
1.9198600000 -2.0943900000 0.1485390903
1.5708000000 -2.0943900000 0.0825449977
1.2217300000 -2.0944000000 0.0001373067
0.8726650000 -2.0944000000 -0.0390487818
0.5235990000 -2.0944000000 -0.0532195582
0.1745310000 -2.0944000000 -0.0584409960
-0.1745330000 -2.0944000000 -0.0483995278
-0.5235970000 -2.0943900000 -0.0300960617
-0.8726630000 -2.0943900000 -0.0120620124
-1.2217300000 -2.0943900000 -0.0088245090
-1.5708000000 -2.0943900000 -0.0252102782
-1.5708000000 -1.7453300000 -0.0024882379
-1.2217300000 -1.7453300000 -0.0278655298
-0.8726630000 -1.7453300000 -0.0531207884
-0.5235990000 -1.7453300000 -0.0762116853
-0.1745300000 -1.7453300000 -0.0930394085
0.1745310000 -1.7453300000 -0.0887533050
0.5235970000 -1.7453300000 -0.0669627148
0.8726630000 -1.7453300000 -0.0399336758
1.2217300000 -1.7453300000 -0.0164053613
1.5708000000 -1.7453300000 0.0271240983
1.9198600000 -1.7453300000 0.0992143685
2.2689300000 -1.7453300000 0.1387989699
2.6180000000 -1.7453300000 0.0803575657
2.9670600000 -1.7453300000 -0.0062069576
-2.9670600000 -1.7453300000 -0.0273105702
-2.6180000000 -1.7453300000 0.0414205360
-2.2689300000 -1.7453300000 0.1261781888
-1.9198600000 -1.7453300000 0.1029900860
-1.9198600000 -1.3962600000 0.1039201554
-2.2689300000 -1.3962700000 0.0623058641
-2.6180000000 -1.3962600000 -0.0042215931
-2.9670600000 -1.3962700000 -0.0587002322
2.9670600000 -1.3962600000 -0.0266281317
2.6180000000 -1.3962600000 0.0804241366
2.2689300000 -1.3962600000 0.1109050788
1.9198600000 -1.3962600000 0.0005119150
1.5708000000 -1.3962600000 -0.0255419931
1.2217300000 -1.3962700000 -0.0139232714
0.8726650000 -1.3962600000 -0.0564121531
0.5235970000 -1.3962600000 -0.0908658302
0.1745330000 -1.3962600000 -0.1310080270
-0.1745330000 -1.3962600000 -0.1450997878
-0.5235970000 -1.3962600000 -0.1180267945
-0.8726630000 -1.3962600000 -0.1085077561
-1.2217300000 -1.3962600000 -0.0518217792
-1.5708000000 -1.3962600000 0.0496293648
-1.5708000000 -1.0472000000 0.1093118516
-1.2217300000 -1.0472000000 -0.0465625558
-0.8726630000 -1.0472000000 -0.1501866835
-0.5235990000 -1.0472000000 -0.1802791380
-0.1745310000 -1.0472000000 -0.1857776789
0.1745310000 -1.0472000000 -0.1484281018
0.5235970000 -1.0472000000 -0.0796665958
0.8726630000 -1.0472000000 -0.0411355511
1.2217300000 -1.0472000000 -0.0472096606
1.5708000000 -1.0472000000 -0.0547606162
1.9198600000 -1.0472000000 -0.0780149858
2.2689300000 -1.0472000000 0.0397488940
2.6180000000 -1.0472000000 0.0443434297
2.9670600000 -1.0472000000 -0.0770063359
-2.9670600000 -1.0472000000 -0.0722713775
-2.6180000000 -1.0472000000 -0.0578948912
-2.2689300000 -1.0472000000 -0.0254100409
-1.9198600000 -1.0472000000 0.1007109862
-1.9198600000 -0.6981320000 -0.0449643806
-2.2689300000 -0.6981340000 0.1208533038
-2.6180000000 -0.6981300000 -0.0882790282
-2.9670600000 -0.6981320000 -0.0770094903
2.9670600000 -0.6981320000 -0.0617165876
2.6180000000 -0.6981300000 -0.0290653013
2.2689300000 -0.6981320000 -0.2267402527
1.9198600000 -0.6981320000 -0.0828876657
1.5708000000 -0.6981320000 -0.1260359784
1.2217300000 -0.6981320000 -0.1034599732
0.8726650000 -0.6981320000 -0.1210457535
0.5235990000 -0.6981340000 -0.0882834453
0.1745330000 -0.6981320000 -0.1585618310
-0.1745330000 -0.6981320000 -0.2126795933
-0.5235970000 -0.6981320000 -0.2152587492
-0.8726630000 -0.6981300000 -0.1613635083
-1.2217300000 -0.6981300000 -0.0715789448
-1.5708000000 -0.6981300000 0.0626800511
-1.5708000000 -0.3490640000 0.1322968319
-1.2217300000 -0.3490660000 -0.1046228729
-0.8726630000 -0.3490660000 -0.1821775021
-0.5235990000 -0.3490640000 -0.2231219848
-0.1745310000 -0.3490680000 -0.2018484131
0.1745310000 -0.3490660000 -0.1634549625
0.5235960000 -0.3490680000 -0.1655760558
0.8726650000 -0.3490660000 -0.1746117750
1.2217300000 -0.3490680000 -0.1465084924
1.5708000000 -0.3490640000 -0.2326668510
1.9198600000 -0.3490660000 -0.1782883354
2.2689300000 -0.3490640000 -0.1244030845
2.6180000000 -0.3490660000 -0.0731763511
2.9670600000 -0.3490660000 -0.0829495679
-2.9670600000 -0.3490660000 -0.0666547770
-2.6180000000 -0.3490680000 -0.0984533864
-2.2689300000 -0.3490680000 -0.1266885316
-1.9198600000 -0.3490680000 -0.1306490593
-1.9198600000 0.0000017453 -0.1559654306
-2.2689300000 -0.0000017453 -0.1517223044
-2.6180000000 0.0000000000 -0.1004620543
-2.9670600000 0.0000000000 -0.0275334281
2.9670600000 0.0000000000 -0.0673249440
2.6180000000 0.0000017453 -0.1043679443
2.2689300000 0.0000017453 -0.1566373920
1.9198600000 0.0000000000 -0.1815335019
1.5708000000 0.0000017453 -0.1075593446
1.2217300000 -0.0000017453 -0.1389159637
0.8726630000 -0.0000017453 -0.1949481674
0.5235990000 -0.0000017453 -0.2123262428
0.1745310000 0.0000000000 -0.1846262698
-0.1745310000 0.0000017453 -0.1848031491
-0.5235970000 0.0000000000 -0.2124372774
-0.8726630000 0.0000017453 -0.1933791326
-1.2217300000 0.0000017453 -0.1384766004
-1.5708000000 0.0000000000 -0.0630456974
-1.5708000000 0.3490640000 -0.1344655600
-1.2217300000 0.3490640000 -0.1417208505
-0.8726650000 0.3490640000 -0.1836804531
-0.5235970000 0.3490680000 -0.1670850822
-0.1745330000 0.3490660000 -0.1648104082
0.1745330000 0.3490660000 -0.2058714809
0.5235970000 0.3490660000 -0.2276426697
0.8726620000 0.3490640000 -0.1852208217
1.2217300000 0.3490640000 -0.1031837106
1.5708000000 0.3490640000 0.0329018393
1.9198600000 0.3490680000 -0.1290621867
2.2689300000 0.3490680000 -0.1291601955
2.6180000000 0.3490660000 -0.1082480312
2.9670600000 0.3490660000 -0.0365899236
-2.9670600000 0.3490660000 -0.0838311097
-2.6180000000 0.3490640000 -0.0747047974
-2.2689300000 0.3490640000 -0.1025723372
-1.9198600000 0.3490660000 -0.1859694634
-1.9198600000 0.6981320000 -0.1562866635
-2.2689300000 0.6981300000 -0.1813800524
-2.6180000000 0.6981340000 -0.0277477528
-2.9670600000 0.6981320000 -0.0397529865
2.9670600000 0.6981340000 -0.0641066257
2.6180000000 0.6981340000 -0.0915407484
2.2689300000 0.6981340000 0.0148702161
1.9198600000 0.6981340000 -0.0861096503
1.5708000000 0.6981340000 -0.0288902908
1.2217300000 0.6981300000 -0.0685371407
0.8726650000 0.6981320000 -0.1688877962
0.5235970000 0.6981320000 -0.2118444426
0.1745310000 0.6981320000 -0.2098806018
-0.1745330000 0.6981320000 -0.1619945782
-0.5235970000 0.6981340000 -0.1227625439
-0.8726630000 0.6981340000 -0.1086676533
-1.2217300000 0.6981340000 -0.1130282658
-1.5708000000 0.6981320000 -0.0992217049
-1.5708000000 1.0472000000 -0.0841738119
-1.2217300000 1.0472000000 -0.0419948608
-0.8726650000 1.0472000000 -0.0375990038
-0.5235990000 1.0472000000 -0.0825638154
-0.1745310000 1.0472000000 -0.1496602215
0.1745330000 1.0472000000 -0.1865608604
0.5235970000 1.0472000000 -0.1838097563
0.8726630000 1.0472000000 -0.1425883753
1.2217300000 1.0472000000 -0.0560683170
1.5708000000 1.0472000000 0.1065513045
1.9198600000 1.0472000000 0.0890858415
2.2689300000 1.0472000000 -0.0188037837
2.6180000000 1.0472000000 -0.0570594566
2.9670600000 1.0472000000 -0.0646534893
-2.9670600000 1.0472000000 -0.0529143449
-2.6180000000 1.0472000000 0.0438534432
-2.2689300000 1.0472000000 0.0343831126
-1.9198600000 1.0472000000 -0.0958843279
-1.9198700000 1.3962600000 0.0013650269
-2.2689300000 1.3962600000 0.1153032621
-2.6180000000 1.3962700000 0.0824398633
-2.9670600000 1.3962600000 -0.0702511840
2.9670600000 1.3962700000 -0.0576441230
2.6180000000 1.3962700000 -0.0093035042
2.2689300000 1.3962700000 0.0720995702
1.9198600000 1.3962600000 0.1038297737
1.5708000000 1.3962700000 -0.0907563310
1.2217300000 1.3962600000 -0.0460733244
0.8726630000 1.3962600000 -0.1029145060
0.5235990000 1.3962600000 -0.1297015546
0.1745300000 1.3962600000 -0.1443672703
-0.1745310000 1.3962700000 -0.1193567977
-0.5235970000 1.3962700000 -0.0732385080
-0.8726630000 1.3962700000 -0.0335232813
-1.2217300000 1.3962700000 -0.0178943964
-1.5708000000 1.3962700000 0.0188517939
-1.5708000000 1.7453300000 0.0261686537
-1.2217300000 1.7453300000 -0.0141676353
-0.8726650000 1.7453300000 -0.0413418726
-0.5235970000 1.7453300000 -0.0665999639
-0.1745330000 1.7453300000 -0.0890347558
0.1745330000 1.7453300000 -0.0927064534
0.5235970000 1.7453300000 -0.0765830490
0.8726630000 1.7453300000 -0.0529116776
1.2217300000 1.7453300000 -0.0255464351
1.5708000000 1.7453300000 0.0015775879
1.9198600000 1.7453300000 0.1015236261
2.2689300000 1.7453300000 0.1301461122
2.6180000000 1.7453300000 0.0395720849
2.9670600000 1.7453300000 -0.0212881830
-2.9670600000 1.7453300000 -0.0324466137
-2.6180000000 1.7453300000 0.0814847687
-2.2689300000 1.7453300000 0.1361379161
-1.9198600000 1.7453300000 0.0985034541
-1.9198600000 2.0943900000 0.1506622256
-2.2689300000 2.0943900000 0.0967469877
-2.6180000000 2.0944000000 0.0589087503
-2.9670600000 2.0944000000 0.0022804136
2.9670600000 2.0944000000 0.0053444161
2.6180000000 2.0944000000 0.0745678208
2.2689300000 2.0944000000 0.1229056015
1.9198600000 2.0944000000 0.0579889561
1.5708000000 2.0944000000 -0.0238823309
1.2217300000 2.0943900000 -0.0082655432
0.8726630000 2.0944000000 -0.0105237537
0.5235990000 2.0943900000 -0.0291429175
0.1745310000 2.0943900000 -0.0474407632
-0.1745310000 2.0944000000 -0.0580644482
-0.5235970000 2.0944000000 -0.0550563261
-0.8726630000 2.0944000000 -0.0377035366
-1.2217300000 2.0944000000 -0.0004311992
-1.5708000000 2.0944000000 0.0813980069
-1.5708000000 2.4434600000 0.1080325622
-1.2217300000 2.4434700000 0.0134499428
-0.8726650000 2.4434600000 -0.0325570316
-0.5235970000 2.4434600000 -0.0512343998
-0.1745310000 2.4434600000 -0.0532473659
0.1745310000 2.4434600000 -0.0383071269
0.5235970000 2.4434600000 -0.0174355265
0.8726630000 2.4434600000 -0.0012175730
1.2217300000 2.4434600000 0.0070247958
1.5708000000 2.4434600000 -0.0061162594
1.9198600000 2.4434600000 0.0227781619
2.2689300000 2.4434600000 0.0804496240
2.6180000000 2.4434600000 0.0821238859
2.9670600000 2.4434600000 0.0190400431
-2.9670600000 2.4434600000 0.0500692824
-2.6180000000 2.4434600000 0.0383490537
-2.2689300000 2.4434600000 0.0574011189
-1.9198600000 2.4434600000 0.1504800750
-1.9198600000 2.7925300000 0.1070240703
-2.2689300000 2.7925300000 0.0185499743
-2.6180000000 2.7925300000 0.0358657398
-2.9670600000 2.7925300000 0.0402801939
2.9670600000 2.7925300000 0.0381517235
2.6180000000 2.7925300000 0.0766314214
2.2689300000 2.7925300000 -0.1190668429
1.9198600000 2.7925300000 0.0118215285
1.5708000000 2.7925300000 0.0227461319
1.2217300000 2.7925300000 0.0213557340
0.8726630000 2.7925300000 -0.0057663971
0.5235990000 2.7925300000 -0.0279566256
0.1745310000 2.7925300000 -0.0522580786
-0.1745350000 2.7925300000 -0.0636578204
-0.5235970000 2.7925300000 -0.0487084282
-0.8726630000 2.7925300000 -0.0245143954
-1.2217300000 2.7925300000 0.0267784819
-1.5708000000 2.7925300000 0.0034788944
