166
1.1612 1.1612 0.0
1.0 1.0 34409.7
1.1 1.0 18616.2
1.2 1.0 16040.8
1.3 1.0 20092.3
1.4 1.0 26987.5
1.5 1.0 34622
1.6 1.0 41949.4
1.7 1.0 48518.1
1.8 1.0 54131.6
1.9 1.0 58725.4
2.0 1.0 62341.9
2.1 1.0 65095.3
2.2 1.0 67133.1
2.3 1.0 68609.1
2.4 1.0 69664.4
2.5 1.0 70415.9
2.6 1.0 70953.5
2.7 1.0 71342.5
2.8 1.0 71628.4
2.9 1.0 71842.6
3.0 1.0 72006.2
3.0 1.1 61038.5
2.9 1.1 60895.1
2.8 1.1 60707.3
2.7 1.1 60455.8
2.6 1.1 60111.7
2.5 1.1 59631.3
2.4 1.1 58950.1
2.3 1.1 57974.7
2.2 1.1 56576.6
2.1 1.1 54591.7
2.0 1.1 51829.7
1.9 1.1 48102
1.8 1.1 43269.5
1.7 1.1 37310.4
1.6 1.1 30349.9
1.5 1.1 22605.5
1.4 1.1 14478
1.3 1.1 6974.77
1.2 1.1 2187.17
1.1 1.1 3879.13
1.0 1.1 18616.2
1.0 1.2 16040.8
1.1 1.2 2187.17
1.2 1.2 1225.19
1.3 1.2 6616.09
1.4 1.2 14611.7
1.5 1.2 23117.4
1.6 1.2 31162.4
1.7 1.2 38445.3
1.8 1.2 44753.1
1.9 1.2 49859.5
2.0 1.2 53729.4
2.1 1.2 56519.3
2.2 1.2 58464
2.3 1.2 59794.4
2.4 1.2 60699.6
2.5 1.2 61319.4
2.6 1.2 61750.1
2.7 1.2 62055.6
2.8 1.2 62277.5
2.9 1.2 62442.7
3.0 1.2 62568.5
3.0 1.3 70118.4
2.9 1.3 70007.2
2.8 1.3 69860.9
2.7 1.3 69663.5
2.6 1.3 69389.8
2.5 1.3 68999.9
2.4 1.3 68430.6
2.3 1.3 67582.5
2.2 1.3 66304.8
2.1 1.3 64382.4
2.0 1.3 61539.5
1.9 1.3 57491.1
1.8 1.3 52076.9
1.7 1.3 45438
1.6 1.3 37935.2
1.5 1.3 29707.8
1.4 1.3 20909.5
1.3 1.3 12505.8
1.2 1.3 6616.09
1.1 1.3 6974.77
1.0 1.3 20092.3
1.0 1.4 26987.5
1.1 1.4 14478
1.2 1.4 14611.7
1.3 1.4 20909.5
1.4 1.4 29658
1.5 1.4 38702.3
1.6 1.4 47015.9
1.7 1.4 54602.5
1.8 1.4 61526.3
1.9 1.4 67280.6
2.0 1.4 71548.7
2.1 1.4 74475.4
2.2 1.4 76398.9
2.3 1.4 77643.1
2.4 1.4 78450.2
2.5 1.4 78982.1
2.6 1.4 79341.2
2.7 1.4 79590.7
2.8 1.4 79769.3
2.9 1.4 79900.9
3.0 1.4 80000.5
3.0 1.5 89939.4
2.9 1.5 89846.5
2.8 1.5 89723.3
2.7 1.5 89555.3
2.6 1.5 89319.5
2.5 1.5 88977.4
2.4 1.5 88465.6
2.3 1.5 87679
2.2 1.5 86445.2
2.1 1.5 84496.6
2.0 1.5 81459.3
1.9 1.5 76938
1.8 1.5 70829.5
1.7 1.5 63734.8
1.6 1.5 56261.8
1.5 1.5 47938.6
1.4 1.5 38702.3
1.3 1.5 29707.8
1.2 1.5 23117.4
1.1 1.5 22605.5
1.0 1.5 34622
1.0 1.6 41949.4
1.1 1.6 30349.9
1.2 1.6 31162.4
1.3 1.6 37935.2
1.4 1.6 47015.9
1.5 1.6 56261.8
1.6 1.6 64410.2
1.7 1.6 71374.8
1.8 1.6 78236.5
1.9 1.6 84510.7
2.0 1.6 89149.8
2.1 1.6 92229.6
2.2 1.6 94199.5
2.3 1.6 95452.9
2.4 1.6 96259.9
2.5 1.6 96791.2
2.6 1.6 97150.8
2.7 1.6 97401.8
2.8 1.6 97582.4
2.9 1.6 97716.1
3.0 1.6 97817.6
3.0 1.7 96000.6
1.8 1.8 83939.9
1.7 1.8 82170.5
1.6 1.8 78236.4
1.5 1.8 70829.5
1.4 1.8 61526.2
1.3 1.8 52076.9
1.2 1.8 44753.1
1.1 1.8 43269.5
1.0 1.8 54131.6
1.0 1.9 58725.4
1.1 1.9 48102
1.2 1.9 49859.5
1.3 1.9 57491.1
1.4 1.9 67280.6
1.5 1.9 76938
1.6 1.9 84510.7
1.7 1.9 85767.1
