166
1.1612	0  0.0
1	0  34409.7
1.05	0.05  18616.2
1.1	0.1  16040.8
1.15	0.15  20092.3
1.2	0.2  26987.5
1.25	0.25  34622
1.3	0.3  41949.4
1.35	0.35  48518.1
1.4	0.4  54131.6
1.45	0.45  58725.4
1.5	0.5  62341.9
1.55	0.55  65095.3
1.6	0.6  67133.1
1.65	0.65  68609.1
1.7	0.7  69664.4
1.75	0.75  70415.9
1.8	0.8  70953.5
1.85	0.85  71342.5
1.9	0.9  71628.4
1.95	0.95  71842.6
2	1  72006.2
2.05	0.95  61038.5
2	0.9  60895.1
1.95	0.85  60707.3
1.9	0.8  60455.8
1.85	0.75  60111.7
1.8	0.7  59631.3
1.75	0.65  58950.1
1.7	0.6  57974.7
1.65	0.55  56576.6
1.6	0.5  54591.7
1.55	0.45  51829.7
1.5	0.4  48102
1.45	0.35  43269.5
1.4	0.3  37310.4
1.35	0.25  30349.9
1.3	0.2  22605.5
1.25	0.15  14478
1.2	0.1  6974.77
1.15	0.05  2187.17
1.1	0  3879.13
1.05	-0.05  18616.2
1.1	-0.1  16040.8
1.15	-0.05  2187.17
1.2	0  1225.19
1.25	0.05  6616.09
1.3	0.1  14611.7
1.35	0.15  23117.4
1.4	0.2  31162.4
1.45	0.25  38445.3
1.5	0.3  44753.1
1.55	0.35  49859.5
1.6	0.4  53729.4
1.65	0.45  56519.3
1.7	0.5  58464
1.75	0.55  59794.4
1.8	0.6  60699.6
1.85	0.65  61319.4
1.9	0.7  61750.1
1.95	0.75  62055.6
2	0.8  62277.5
2.05	0.85  62442.7
2.1	0.9  62568.5
2.15	0.85  70118.4
2.1	0.8  70007.2
2.05	0.75  69860.9
2	0.7  69663.5
1.95	0.65  69389.8
1.9	0.6  68999.9
1.85	0.55  68430.6
1.8	0.5  67582.5
1.75	0.45  66304.8
1.7	0.4  64382.4
1.65	0.35  61539.5
1.6	0.3  57491.1
1.55	0.25  52076.9
1.5	0.2  45438
1.45	0.15  37935.2
1.4	0.1  29707.8
1.35	0.05  20909.5
1.3	0  12505.8
1.25	-0.05  6616.09
1.2	-0.1  6974.77
1.15	-0.15  20092.3
1.2	-0.2  26987.5
1.25	-0.15  14478
1.3	-0.1  14611.7
1.35	-0.05  20909.5
1.4	0  29658
1.45	0.05  38702.3
1.5	0.1  47015.9
1.55	0.15  54602.5
1.6	0.2  61526.3
1.65	0.25  67280.6
1.7	0.3  71548.7
1.75	0.35  74475.4
1.8	0.4  76398.9
1.85	0.45  77643.1
1.9	0.5  78450.2
1.95	0.55  78982.1
2	0.6  79341.2
2.05	0.65  79590.7
2.1	0.7  79769.3
2.15	0.75  79900.9
2.2	0.8  80000.5
2.25	0.75  89939.4
2.2	0.7  89846.5
2.15	0.65  89723.3
2.1	0.6  89555.3
2.05	0.55  89319.5
2	0.5  88977.4
1.95	0.45  88465.6
1.9	0.4  87679
1.85	0.35  86445.2
1.8	0.3  84496.6
1.75	0.25  81459.3
1.7	0.2  76938
1.65	0.15  70829.5
1.6	0.1  63734.8
1.55	0.05  56261.8
1.5	0  47938.6
1.45	-0.05  38702.3
1.4	-0.1  29707.8
1.35	-0.15  23117.4
1.3	-0.2  22605.5
1.25	-0.25  34622
1.3	-0.3  41949.4
1.35	-0.25  30349.9
1.4	-0.2  31162.4
1.45	-0.15  37935.2
1.5	-0.1  47015.9
1.55	-0.05  56261.8
1.6	0  64410.2
1.65	0.05  71374.8
1.7	0.1  78236.5
1.75	0.15  84510.7
1.8	0.2  89149.8
1.85	0.25  92229.6
1.9	0.3  94199.5
1.95	0.35  95452.9
2	0.4  96259.9
2.05	0.45  96791.2
2.1	0.5  97150.8
2.15	0.55  97401.8
2.2	0.6  97582.4
2.25	0.65  97716.1
2.3	0.7  97817.6
2.35	0.65  96000.6
1.8	0  83939.9
1.75	-0.05  82170.5
1.7	-0.1  78236.4
1.65	-0.15  70829.5
1.6	-0.2  61526.2
1.55	-0.25  52076.9
1.5	-0.3  44753.1
1.45	-0.35  43269.5
1.4	-0.4  54131.6
1.45	-0.45  58725.4
1.5	-0.4  48102
1.55	-0.35  49859.5
1.6	-0.3  57491.1
1.65	-0.25  67280.6
1.7	-0.2  76938
1.75	-0.15  84510.7
1.8	-0.1  85767.1
