1.1612000000 1.1612000000 -0.0832914015
1.0000000000 1.0000000000 -0.0833121199
1.1000000000 1.0000000000 -0.0832958784
1.2000000000 1.0000000000 -0.0832849686
1.3000000000 1.0000000000 -0.0833258545
1.4000000000 1.0000000000 -0.0833609316
1.5000000000 1.0000000000 -0.0833543033
1.6000000000 1.0000000000 -0.0833149138
1.7000000000 1.0000000000 -0.0833128588
1.8000000000 1.0000000000 -0.0835792658
1.9000000000 1.0000000000 -0.0835809867
2.0000000000 1.0000000000 -0.0835726655
2.1000000000 1.0000000000 -0.0835771632
2.2000000000 1.0000000000 -0.0835701099
2.3000000000 1.0000000000 -0.0835805131
2.4000000000 1.0000000000 -0.0836279691
2.5000000000 1.0000000000 -0.0836219604
2.6000000000 1.0000000000 -0.0836380383
2.7000000000 1.0000000000 -0.0836418476
2.8000000000 1.0000000000 -0.0836540187
2.9000000000 1.0000000000 -0.0836641121
3.0000000000 1.0000000000 -0.0837626674
3.0000000000 1.1000000000 -0.0833738105
2.9000000000 1.1000000000 -0.0833180187
2.8000000000 1.1000000000 -0.0833163694
2.7000000000 1.1000000000 -0.0833164275
2.6000000000 1.1000000000 -0.0833163769
2.5000000000 1.1000000000 -0.0833115736
2.4000000000 1.1000000000 -0.0833126430
2.3000000000 1.1000000000 -0.0833251091
2.2000000000 1.1000000000 -0.0833334897
2.1000000000 1.1000000000 -0.0833328415
2.0000000000 1.1000000000 -0.0833336074
1.9000000000 1.1000000000 -0.0833342382
1.8000000000 1.1000000000 -0.0833340555
1.7000000000 1.1000000000 -0.0833328966
1.6000000000 1.1000000000 -0.0833334425
1.5000000000 1.1000000000 -0.0833328316
1.4000000000 1.1000000000 -0.0833340433
1.3000000000 1.1000000000 -0.0833364408
1.2000000000 1.1000000000 -0.0833551750
1.1000000000 1.1000000000 -0.0833746990
1.0000000000 1.1000000000 -0.0832980480
1.0000000000 1.2000000000 -0.0832838137
1.1000000000 1.2000000000 -0.0833558694
1.2000000000 1.2000000000 -0.0832561208
1.3000000000 1.2000000000 -0.0833350807
1.4000000000 1.2000000000 -0.0833339223
1.5000000000 1.2000000000 -0.0833334892
1.6000000000 1.2000000000 -0.0833333882
1.7000000000 1.2000000000 -0.0833332846
1.8000000000 1.2000000000 -0.0833328196
1.9000000000 1.2000000000 -0.0833331330
2.0000000000 1.2000000000 -0.0833329895
2.1000000000 1.2000000000 -0.0833342672
2.2000000000 1.2000000000 -0.0833311909
2.3000000000 1.2000000000 -0.0833289204
2.4000000000 1.2000000000 -0.0833072133
2.5000000000 1.2000000000 -0.0833091914
2.6000000000 1.2000000000 -0.0833140175
2.7000000000 1.2000000000 -0.0833134223
2.8000000000 1.2000000000 -0.0833156596
2.9000000000 1.2000000000 -0.0833161010
3.0000000000 1.2000000000 -0.0833711634
3.0000000000 1.3000000000 -0.0833703088
2.9000000000 1.3000000000 -0.0833171625
2.8000000000 1.3000000000 -0.0833163260
2.7000000000 1.3000000000 -0.0833147617
2.6000000000 1.3000000000 -0.0833130997
2.5000000000 1.3000000000 -0.0833108139
2.4000000000 1.3000000000 -0.0833077751
2.3000000000 1.3000000000 -0.0833066749
2.2000000000 1.3000000000 -0.0833335035
2.1000000000 1.3000000000 -0.0833341112
2.0000000000 1.3000000000 -0.0833318132
1.9000000000 1.3000000000 -0.0833330355
1.8000000000 1.3000000000 -0.0833334459
1.7000000000 1.3000000000 -0.0833329719
1.6000000000 1.3000000000 -0.0833340874
1.5000000000 1.3000000000 -0.0833332165
1.4000000000 1.3000000000 -0.0833330816
1.3000000000 1.3000000000 -0.0833337789
1.2000000000 1.3000000000 -0.0833350282
1.1000000000 1.3000000000 -0.0833368411
1.0000000000 1.3000000000 -0.0833165046
1.0000000000 1.4000000000 -0.0833399778
1.1000000000 1.4000000000 -0.0833340227
1.2000000000 1.4000000000 -0.0833337987
1.3000000000 1.4000000000 -0.0833330451
1.4000000000 1.4000000000 -0.0833333382
1.5000000000 1.4000000000 -0.0833336089
1.6000000000 1.4000000000 -0.0833331426
1.7000000000 1.4000000000 -0.0833332141
1.8000000000 1.4000000000 -0.0833331563
1.9000000000 1.4000000000 -0.0833342418
2.0000000000 1.4000000000 -0.0833313241
2.1000000000 1.4000000000 -0.0833320359
2.2000000000 1.4000000000 -0.0833276918
2.3000000000 1.4000000000 -0.0833423170
2.4000000000 1.4000000000 -0.0833088070
2.5000000000 1.4000000000 -0.0833130935
2.6000000000 1.4000000000 -0.0833149666
2.7000000000 1.4000000000 -0.0833159889
2.8000000000 1.4000000000 -0.0833249871
2.9000000000 1.4000000000 -0.0833130444
3.0000000000 1.4000000000 -0.0833689526
3.0000000000 1.5000000000 -0.0833704485
2.9000000000 1.5000000000 -0.0833174679
2.8000000000 1.5000000000 -0.0833159121
2.7000000000 1.5000000000 -0.0833216476
2.6000000000 1.5000000000 -0.0833194367
2.5000000000 1.5000000000 -0.0833125076
2.4000000000 1.5000000000 -0.0833196431
2.3000000000 1.5000000000 -0.0833312969
2.2000000000 1.5000000000 -0.0833361630
2.1000000000 1.5000000000 -0.0833322632
2.0000000000 1.5000000000 -0.0833362465
1.9000000000 1.5000000000 -0.0833320521
1.8000000000 1.5000000000 -0.0833335441
1.7000000000 1.5000000000 -0.0833330891
1.6000000000 1.5000000000 -0.0833340050
1.5000000000 1.5000000000 -0.0833330971
1.4000000000 1.5000000000 -0.0833328019
1.3000000000 1.5000000000 -0.0833336270
1.2000000000 1.5000000000 -0.0833330159
1.1000000000 1.5000000000 -0.0833328244
1.0000000000 1.5000000000 -0.0833284060
1.0000000000 1.6000000000 -0.0833042889
1.1000000000 1.6000000000 -0.0833337326
1.2000000000 1.6000000000 -0.0833329039
1.3000000000 1.6000000000 -0.0833344333
1.4000000000 1.6000000000 -0.0833334138
1.5000000000 1.6000000000 -0.0833349914
1.6000000000 1.6000000000 -0.0833324359
1.7000000000 1.6000000000 -0.0833343582
1.8000000000 1.6000000000 -0.0833332943
1.9000000000 1.6000000000 -0.0833341853
2.0000000000 1.6000000000 -0.0833358343
2.1000000000 1.6000000000 -0.0834947814
2.2000000000 1.6000000000 -0.0834925490
2.3000000000 1.6000000000 -0.0834873835
2.4000000000 1.6000000000 -0.0835275812
2.5000000000 1.6000000000 -0.0835256133
2.6000000000 1.6000000000 -0.0835382077
2.7000000000 1.6000000000 -0.0835452841
2.8000000000 1.6000000000 -0.0835113766
2.9000000000 1.6000000000 -0.0833188715
3.0000000000 1.6000000000 -0.0833670128
3.0000000000 1.7000000000 -0.0836583811
1.8000000000 1.8000000000 -0.0832050450
1.7000000000 1.8000000000 -0.0832231135
1.6000000000 1.8000000000 -0.0832270518
1.5000000000 1.8000000000 -0.0832209954
1.4000000000 1.8000000000 -0.0832215040
1.3000000000 1.8000000000 -0.0832207814
1.2000000000 1.8000000000 -0.0832183820
1.1000000000 1.8000000000 -0.0833483888
1.0000000000 1.8000000000 -0.0832921449
1.0000000000 1.9000000000 -0.0835144353
1.1000000000 1.9000000000 -0.0835104013
1.2000000000 1.9000000000 -0.0835065798
1.3000000000 1.9000000000 -0.0835011717
1.4000000000 1.9000000000 -0.0835002199
1.5000000000 1.9000000000 -0.0834995303
1.6000000000 1.9000000000 -0.0835182460
1.7000000000 1.9000000000 -0.0835275822
