1.1674000000 1.1674000000 -0.1666505444
1.0000000000 1.0000000000 -0.1666676687
1.0500000000 1.0000000000 -0.1666690500
1.1000000000 1.0000000000 -0.1666676295
1.1500000000 1.0000000000 -0.1666674919
1.2000000000 1.0000000000 -0.1666664807
1.2500000000 1.0000000000 -0.1666676755
1.3000000000 1.0000000000 -0.1666665581
1.3500000000 1.0000000000 -0.1666673579
1.4000000000 1.0000000000 -0.1666668117
1.4500000000 1.0000000000 -0.1666668435
1.5000000000 1.0000000000 -0.1666638243
1.5500000000 1.0000000000 -0.1666645578
1.6000000000 1.0000000000 -0.1666642605
1.6500000000 1.0000000000 -0.1666652046
1.7000000000 1.0000000000 -0.1666672009
1.7500000000 1.0000000000 -0.1666649199
1.8000000000 1.0000000000 -0.1666642576
1.8000000000 1.0500000000 -0.1666684997
1.7500000000 1.0500000000 -0.1666667543
1.7000000000 1.0500000000 -0.1666666501
1.6500000000 1.0500000000 -0.1666666155
1.6000000000 1.0500000000 -0.1666666581
1.5500000000 1.0500000000 -0.1666666511
1.5000000000 1.0500000000 -0.1666667091
1.4500000000 1.0500000000 -0.1666667128
1.4000000000 1.0500000000 -0.1666666367
1.3500000000 1.0500000000 -0.1666667009
1.3000000000 1.0500000000 -0.1666666694
1.2500000000 1.0500000000 -0.1666666674
1.2000000000 1.0500000000 -0.1666669265
1.1500000000 1.0500000000 -0.1666669524
1.1000000000 1.0500000000 -0.1666668248
1.0500000000 1.0500000000 -0.1666666845
1.0000000000 1.0500000000 -0.1666675782
1.0000000000 1.1000000000 -0.1666664199
1.0500000000 1.1000000000 -0.1666667758
1.1000000000 1.1000000000 -0.1666668338
1.1500000000 1.1000000000 -0.1666671063
1.2000000000 1.1000000000 -0.1666676286
1.2500000000 1.1000000000 -0.1666665908
1.3000000000 1.1000000000 -0.1666666590
1.3500000000 1.1000000000 -0.1666666727
1.4000000000 1.1000000000 -0.1666667022
1.4500000000 1.1000000000 -0.1666667233
1.5000000000 1.1000000000 -0.1666666396
1.5500000000 1.1000000000 -0.1666666297
1.6000000000 1.1000000000 -0.1666666829
1.6500000000 1.1000000000 -0.1666666134
1.7000000000 1.1000000000 -0.1666666364
1.7500000000 1.1000000000 -0.1666667876
1.8000000000 1.1000000000 -0.1667290622
1.8000000000 1.1500000000 -0.1667272223
1.7500000000 1.1500000000 -0.1666666625
1.7000000000 1.1500000000 -0.1666667429
1.6500000000 1.1500000000 -0.1666666534
1.6000000000 1.1500000000 -0.1666666383
1.5500000000 1.1500000000 -0.1666666436
1.5000000000 1.1500000000 -0.1666666812
1.4500000000 1.1500000000 -0.1666666975
1.4000000000 1.1500000000 -0.1666667192
1.3500000000 1.1500000000 -0.1666666732
1.3000000000 1.1500000000 -0.1666666687
1.2500000000 1.1500000000 -0.1666659625
1.2000000000 1.1500000000 -0.1666680262
1.1500000000 1.1500000000 -0.1666394198
1.1000000000 1.1500000000 -0.1666671228
1.0500000000 1.1500000000 -0.1666669414
1.0000000000 1.1500000000 -0.1666657607
1.0000000000 1.2000000000 -0.1666672866
1.0500000000 1.2000000000 -0.1666668991
1.1000000000 1.2000000000 -0.1666676435
1.1500000000 1.2000000000 -0.1666690374
1.2000000000 1.2000000000 -0.1666772547
1.2500000000 1.2000000000 -0.1666663391
1.3000000000 1.2000000000 -0.1666666502
1.3500000000 1.2000000000 -0.1666666952
1.4000000000 1.2000000000 -0.1666666748
1.4500000000 1.2000000000 -0.1666666281
1.5000000000 1.2000000000 -0.1666666431
1.5500000000 1.2000000000 -0.1666666848
1.6000000000 1.2000000000 -0.1666667078
1.6500000000 1.2000000000 -0.1666666522
1.7000000000 1.2000000000 -0.1666666924
1.7500000000 1.2000000000 -0.1666665028
1.8000000000 1.2000000000 -0.1667272370
1.8000000000 1.2500000000 -0.1667250466
1.7500000000 1.2500000000 -0.1666668773
1.7000000000 1.2500000000 -0.1666665935
1.6500000000 1.2500000000 -0.1666666532
1.6000000000 1.2500000000 -0.1666666424
1.5500000000 1.2500000000 -0.1666666919
1.5000000000 1.2500000000 -0.1666667489
1.4500000000 1.2500000000 -0.1666666731
1.4000000000 1.2500000000 -0.1666666583
1.3500000000 1.2500000000 -0.1666666223
1.3000000000 1.2500000000 -0.1666667142
1.2500000000 1.2500000000 -0.1666666581
1.2000000000 1.2500000000 -0.1666662264
1.1500000000 1.2500000000 -0.1666658839
1.1000000000 1.2500000000 -0.1666665995
1.0500000000 1.2500000000 -0.1666666416
1.0000000000 1.2500000000 -0.1666678401
1.0000000000 1.3000000000 -0.1666666735
1.0500000000 1.3000000000 -0.1666666643
1.1000000000 1.3000000000 -0.1666666805
1.1500000000 1.3000000000 -0.1666666718
1.2000000000 1.3000000000 -0.1666666320
1.2500000000 1.3000000000 -0.1666666116
1.3000000000 1.3000000000 -0.1666666892
1.3500000000 1.3000000000 -0.1666666909
1.4000000000 1.3000000000 -0.1666666882
1.4500000000 1.3000000000 -0.1666667240
1.5000000000 1.3000000000 -0.1666666573
1.5500000000 1.3000000000 -0.1666666360
1.6000000000 1.3000000000 -0.1666667104
1.6500000000 1.3000000000 -0.1666665750
1.7000000000 1.3000000000 -0.1666666125
1.7500000000 1.3000000000 -0.1666664580
1.8000000000 1.3000000000 -0.1667250076
1.8000000000 1.3500000000 -0.1667272387
1.7500000000 1.3500000000 -0.1666667400
1.7000000000 1.3500000000 -0.1666667944
1.6500000000 1.3500000000 -0.1666667253
1.6000000000 1.3500000000 -0.1666667140
1.5500000000 1.3500000000 -0.1666666702
1.5000000000 1.3500000000 -0.1666666654
1.4500000000 1.3500000000 -0.1666666832
1.4000000000 1.3500000000 -0.1666666706
1.3500000000 1.3500000000 -0.1666666212
1.3000000000 1.3500000000 -0.1666666410
1.2500000000 1.3500000000 -0.1666666695
1.2000000000 1.3500000000 -0.1666666768
1.1500000000 1.3500000000 -0.1666666493
1.1000000000 1.3500000000 -0.1666666898
1.0500000000 1.3500000000 -0.1666666519
1.0000000000 1.3500000000 -0.1666651410
1.0000000000 1.4000000000 -0.1666648734
1.0500000000 1.4000000000 -0.1666666695
1.1000000000 1.4000000000 -0.1666666337
1.1500000000 1.4000000000 -0.1666666604
1.2000000000 1.4000000000 -0.1666666175
1.2500000000 1.4000000000 -0.1666666741
1.3000000000 1.4000000000 -0.1666666904
1.3500000000 1.4000000000 -0.1666666534
1.4000000000 1.4000000000 -0.1666666448
1.4500000000 1.4000000000 -0.1666667129
1.5000000000 1.4000000000 -0.1666666260
1.5500000000 1.4000000000 -0.1666666444
1.6000000000 1.4000000000 -0.1666665812
1.6500000000 1.4000000000 -0.1666667630
1.7000000000 1.4000000000 -0.1666666701
1.7500000000 1.4000000000 -0.1666667839
1.8000000000 1.4000000000 -0.1667272091
1.8000000000 1.4500000000 -0.1667271928
1.7500000000 1.4500000000 -0.1666666233
1.7000000000 1.4500000000 -0.1666665450
1.6500000000 1.4500000000 -0.1666666575
1.6000000000 1.4500000000 -0.1666667546
1.5500000000 1.4500000000 -0.1666667045
1.5000000000 1.4500000000 -0.1666666264
1.4500000000 1.4500000000 -0.1666666717
1.4000000000 1.4500000000 -0.1666666774
1.3500000000 1.4500000000 -0.1666666571
1.3000000000 1.4500000000 -0.1666666744
1.2500000000 1.4500000000 -0.1666666287
1.2000000000 1.4500000000 -0.1666667114
1.1500000000 1.4500000000 -0.1666667113
1.1000000000 1.4500000000 -0.1666666645
1.0500000000 1.4500000000 -0.1666667025
1.0000000000 1.4500000000 -0.1666626544
1.0000000000 1.5000000000 -0.1666684142
1.0500000000 1.5000000000 -0.1666666977
1.1000000000 1.5000000000 -0.1666666448
1.1500000000 1.5000000000 -0.1666667126
1.2000000000 1.5000000000 -0.1666666556
1.2500000000 1.5000000000 -0.1666666617
1.3000000000 1.5000000000 -0.1666667355
1.3500000000 1.5000000000 -0.1666667198
1.4000000000 1.5000000000 -0.1666665242
1.4500000000 1.5000000000 -0.1666665738
1.5000000000 1.5000000000 -0.1666667207
1.5500000000 1.5000000000 -0.1666666322
1.6000000000 1.5000000000 -0.1666666765
1.6500000000 1.5000000000 -0.1666667080
1.7000000000 1.5000000000 -0.1666666523
1.7500000000 1.5000000000 -0.1666667550
1.8000000000 1.5000000000 -0.1667249731
1.8000000000 1.5500000000 -0.1667250548
1.7500000000 1.5500000000 -0.1666667616
1.7000000000 1.5500000000 -0.1666666130
1.6500000000 1.5500000000 -0.1666665268
1.6000000000 1.5500000000 -0.1666666980
1.5500000000 1.5500000000 -0.1666666522
1.5000000000 1.5500000000 -0.1666666498
1.4500000000 1.5500000000 -0.1666667374
1.4000000000 1.5500000000 -0.1666665945
1.3500000000 1.5500000000 -0.1666667526
1.3000000000 1.5500000000 -0.1666665017
1.2500000000 1.5500000000 -0.1666666829
1.2000000000 1.5500000000 -0.1666666546
1.1500000000 1.5500000000 -0.1666666625
1.1000000000 1.5500000000 -0.1666666986
1.0500000000 1.5500000000 -0.1666666455
1.0000000000 1.5500000000 -0.1666652961
1.0000000000 1.6000000000 -0.1666659064
1.0500000000 1.6000000000 -0.1666666171
1.1000000000 1.6000000000 -0.1666666347
1.1500000000 1.6000000000 -0.1666666565
1.2000000000 1.6000000000 -0.1666666733
1.2500000000 1.6000000000 -0.1666666652
1.3000000000 1.6000000000 -0.1666666788
1.3500000000 1.6000000000 -0.1666665965
1.4000000000 1.6000000000 -0.1666668390
1.4500000000 1.6000000000 -0.1666667088
1.5000000000 1.6000000000 -0.1666666421
1.5500000000 1.6000000000 -0.1666667360
1.6000000000 1.6000000000 -0.1666667309
1.6500000000 1.6000000000 -0.1666667699
1.7000000000 1.6000000000 -0.1666666386
1.7500000000 1.6000000000 -0.1666665933
1.8000000000 1.6000000000 -0.1667271877
1.8000000000 1.6500000000 -0.1667270153
1.7500000000 1.6500000000 -0.1666665623
1.7000000000 1.6500000000 -0.1666667845
1.6500000000 1.6500000000 -0.1666668983
1.6000000000 1.6500000000 -0.1666666397
1.5500000000 1.6500000000 -0.1666665519
1.5000000000 1.6500000000 -0.1666666257
1.4500000000 1.6500000000 -0.1666667189
1.4000000000 1.6500000000 -0.1666666275
1.3500000000 1.6500000000 -0.1666665249
1.3000000000 1.6500000000 -0.1666666985
1.2500000000 1.6500000000 -0.1666666792
1.2000000000 1.6500000000 -0.1666665529
1.1500000000 1.6500000000 -0.1666667276
1.1000000000 1.6500000000 -0.1666666011
1.0500000000 1.6500000000 -0.1666666727
1.0000000000 1.6500000000 -0.1666659699
1.0000000000 1.7000000000 -0.1666665657
1.0500000000 1.7000000000 -0.1666666600
1.1000000000 1.7000000000 -0.1666665947
1.1500000000 1.7000000000 -0.1666665537
1.2000000000 1.7000000000 -0.1666665954
1.2500000000 1.7000000000 -0.1666667515
1.3000000000 1.7000000000 -0.1666666525
1.3500000000 1.7000000000 -0.1666666427
1.4000000000 1.7000000000 -0.1666667299
1.4500000000 1.7000000000 -0.1666667102
1.5000000000 1.7000000000 -0.1666667769
1.5500000000 1.7000000000 -0.1666667179
1.6000000000 1.7000000000 -0.1666665722
1.6500000000 1.7000000000 -0.1666666964
1.7000000000 1.7000000000 -0.1666666194
1.7500000000 1.7000000000 -0.1666667696
1.8000000000 1.7000000000 -0.1667288904
1.8000000000 1.7500000000 -0.1667292048
1.7500000000 1.7500000000 -0.1666667604
1.7000000000 1.7500000000 -0.1666667816
1.6500000000 1.7500000000 -0.1666666225
1.6000000000 1.7500000000 -0.1666667279
1.5500000000 1.7500000000 -0.1666666660
1.5000000000 1.7500000000 -0.1666667986
1.4500000000 1.7500000000 -0.1666667197
1.4000000000 1.7500000000 -0.1666666381
1.3500000000 1.7500000000 -0.1666664975
1.3000000000 1.7500000000 -0.1666668046
1.2500000000 1.7500000000 -0.1666667487
1.2000000000 1.7500000000 -0.1666667072
1.1500000000 1.7500000000 -0.1666658331
1.1000000000 1.7500000000 -0.1666666719
1.0500000000 1.7500000000 -0.1666666944
1.0000000000 1.7500000000 -0.1666671027
1.0000000000 1.8000000000 -0.1666672124
1.0500000000 1.8000000000 -0.1666606285
1.1000000000 1.8000000000 -0.1667290871
1.1500000000 1.8000000000 -0.1667272600
1.2000000000 1.8000000000 -0.1667272471
1.2500000000 1.8000000000 -0.1667250764
1.3000000000 1.8000000000 -0.1667272393
1.3500000000 1.8000000000 -0.1667272621
1.4000000000 1.8000000000 -0.1667271867
1.4500000000 1.8000000000 -0.1667272055
1.5000000000 1.8000000000 -0.1667249907
1.5500000000 1.8000000000 -0.1667272597
1.6000000000 1.8000000000 -0.1667272168
1.6500000000 1.8000000000 -0.1667271573
1.7000000000 1.8000000000 -0.1667289795
1.7500000000 1.8000000000 -0.1667311098
1.8000000000 1.8000000000 -0.1666210271
