290
1.1617 1.1617 0.0
1.0 1.0 34412.3
1.05 1.0 24303.6
1.1 1.0 18615.2
1.15 1.0 16135.4
1.2 1.0 15950.7
1.25 1.0 17369.7
1.3 1.0 19868.2
1.35 1.0 23050.1
1.4 1.0 26618.8
1.45 1.0 30357.6
1.5 1.0 34114.7
1.55 1.0 37788.8
1.6 1.0 41315.7
1.65 1.0 44654.7
1.7 1.0 47780
1.75 1.0 50674.8
1.8 1.0 53329.7
1.8 1.05 45867.4
1.75 1.05 43135.7
1.7 1.05 40152.7
1.65 1.05 36930.8
1.6 1.05 33489.2
1.55 1.05 29853.9
1.5 1.05 26063.1
1.45 1.05 22177.7
1.4 1.05 18296.3
1.35 1.05 14569.2
1.3 1.05 11212.2
1.25 1.05 8521.27
1.2 1.05 6891.84
1.15 1.05 6846.62
1.1 1.05 9075.47
1.05 1.05 14490.9
1.0 1.05 24303.6
1.0 1.1 18615.2
1.05 1.1 9075.47
1.1 1.1 3911.21
1.15 1.1 1912.49
1.2 1.1 2168.1
1.25 1.1 3989.64
1.3 1.1 6855.74
1.35 1.1 10371.8
1.4 1.1 14242.3
1.45 1.1 18251.6
1.5 1.1 22250.8
1.55 1.1 26144.9
1.6 1.1 29877.4
1.65 1.1 33413.8
1.7 1.1 36728.6
1.75 1.1 39800.3
1.8 1.1 42611.9
1.8 1.15 42350.2
1.75 1.15 39456.5
1.7 1.15 36297.2
1.65 1.15 32895
1.6 1.15 29274.1
1.55 1.15 25457.9
1.5 1.15 21475.2
1.45 1.15 17376.5
1.4 1.15 13253.4
1.35 1.15 9253.87
1.3 1.15 5593.54
1.25 1.15 2568.13
1.2 1.15 571.62
1.15 1.15 124.104
1.1 1.15 1912.49
1.05 1.15 6846.62
1.0 1.15 16135.4
1.0 1.2 15950.7
1.05 1.2 6891.84
1.1 1.2 2168.1
1.15 1.2 571.62
1.2 1.2 1194
1.25 1.2 3349.91
1.3 1.2 6520.39
1.35 1.2 10311.9
1.4 1.2 14428.1
1.45 1.2 18652.4
1.5 1.2 22837
1.55 1.2 26893.5
1.6 1.2 30778.6
1.65 1.2 34471.7
1.7 1.2 37953.5
1.75 1.2 41197.6
1.8 1.2 44174.9
1.8 1.25 47404.9
1.75 1.25 44343.6
1.7 1.25 41019
1.65 1.25 37467.7
1.6 1.25 33716.8
1.55 1.25 29778.2
1.5 1.25 25661.7
1.45 1.25 21402.9
1.4 1.25 17087.8
1.35 1.25 12865.4
1.3 1.25 8954.14
1.25 1.25 5651.2
1.2 1.25 3349.91
1.15 1.25 2568.13
1.1 1.25 3989.64
1.05 1.25 8521.27
1.0 1.25 17369.7
1.0 1.3 19868.3
1.05 1.3 11212.2
1.1 1.3 6855.74
1.15 1.3 5593.54
1.2 1.3 6520.39
1.25 1.3 8954.14
1.3 1.3 12378.1
1.35 1.3 16399.2
1.4 1.3 20719.3
1.45 1.3 25117.1
1.5 1.3 29440.8
1.55 1.3 33605
1.6 1.3 37581.7
1.65 1.3 41374.4
1.7 1.3 44982.8
1.75 1.3 48381.5
1.8 1.3 51526.4
1.8 1.35 56147.9
1.75 1.35 52921.4
1.7 1.35 49457.2
1.65 1.35 45806.9
1.6 1.35 41989.8
1.55 1.35 37989.7
1.5 1.35 33787.7
1.45 1.35 29405.7
1.4 1.35 24931.2
1.35 1.35 20521
1.3 1.35 16399.2
1.25 1.35 12865.4
1.2 1.35 10311.9
1.15 1.35 9253.87
1.1 1.35 10371.8
1.05 1.35 14569.2
1.0 1.35 23050.1
1.0 1.4 26618.8
1.05 1.4 18296.3
1.1 1.4 14242.3
1.15 1.4 13253.4
1.2 1.4 14428.1
1.25 1.4 17087.8
1.3 1.4 20719.3
1.35 1.4 24931.2
1.4 1.4 29423.9
1.45 1.4 33969.6
1.5 1.4 38405.6
1.55 1.4 42638.3
1.6 1.4 46648.1
1.65 1.4 50470.4
1.7 1.4 54143.9
1.75 1.4 57661.4
1.8 1.4 60965.9
1.8 1.45 65735.1
1.75 1.45 62359.9
1.7 1.45 58806.8
1.65 1.45 55134.8
1.6 1.45 51328.9
1.55 1.45 47321.9
1.5 1.45 43064.2
1.45 1.45 38579
1.4 1.45 33969.6
1.35 1.45 29405.7
1.3 1.45 25117.1
1.25 1.45 21402.9
1.2 1.45 18652.4
1.15 1.45 17376.5
1.1 1.45 18251.6
1.05 1.45 22177.7
1.0 1.45 30357.6
1.0 1.5 34114.7
1.05 1.5 26063.1
1.1 1.5 22250.8
1.15 1.5 21475.2
1.2 1.5 22837
1.25 1.5 25661.7
1.3 1.5 29440.8
1.35 1.5 33787.7
1.4 1.5 38405.6
1.45 1.5 43064.2
1.5 1.5 47588.5
1.55 1.5 51862.8
1.6 1.5 55852.9
1.65 1.5 59615.6
1.7 1.5 63251.8
1.75 1.5 66811.6
1.8 1.5 70242.4
1.8 1.55 74282.8
1.75 1.55 70830.3
1.7 1.55 67315.1
1.65 1.55 63767.9
1.6 1.55 60085.4
1.55 1.55 56134.6
1.5 1.55 51862.8
1.45 1.55 47321.9
1.4 1.55 42638.3
1.35 1.55 37989.7
1.3 1.55 33605
1.25 1.55 29778.2
1.2 1.55 26893.5
1.15 1.55 25457.9
1.1 1.55 26144.9
1.05 1.55 29853.9
1.0 1.55 37788.8
1.0 1.6 41315.7
1.05 1.6 33489.2
1.1 1.6 29877.4
1.15 1.6 29274.1
1.2 1.6 30778.6
1.25 1.6 33716.8
1.3 1.6 37581.7
1.35 1.6 41989.8
1.4 1.6 46648.1
1.45 1.6 51328.9
1.5 1.6 55852.9
1.55 1.6 60085.4
1.6 1.6 63956.2
1.65 1.6 67501.5
1.7 1.6 70875.6
1.75 1.6 74251
1.8 1.6 77646.2
1.8 1.65 80144
1.75 1.65 76977.9
1.7 1.65 73905.6
1.65 1.65 70828.2
1.6 1.65 67501.5
1.55 1.65 63767.9
1.5 1.65 59615.6
1.45 1.65 55134.8
1.4 1.65 50470.4
1.35 1.65 45806.9
1.3 1.65 41374.4
1.25 1.65 37467.7
1.2 1.65 34471.7
1.15 1.65 32895
1.1 1.65 33413.8
1.05 1.65 36930.8
1.0 1.65 44654.7
1.0 1.7 47780
1.05 1.7 40152.7
1.1 1.7 36728.6
1.15 1.7 36297.2
1.2 1.7 37953.5
1.25 1.7 41019
1.3 1.7 44982.8
1.35 1.7 49457.2
1.4 1.7 54143.9
1.45 1.7 58806.8
1.5 1.7 63251.8
1.55 1.7 67315.1
1.6 1.7 70875.6
1.65 1.7 73905.6
1.7 1.7 76542.9
1.75 1.7 79084.9
1.8 1.7 81690
1.8 1.75 82299.8
1.75 1.75 80894.9
1.7 1.75 79084.9
1.65 1.75 76977.9
1.6 1.75 74251
1.55 1.75 70830.3
1.5 1.75 66811.6
1.45 1.75 62359.9
1.4 1.75 57661.4
1.35 1.75 52921.4
1.3 1.75 48381.5
1.25 1.75 44343.6
1.2 1.75 41197.6
1.15 1.75 39456.5
1.1 1.75 39800.3
1.05 1.75 43135.7
1.0 1.75 50674.8
1.0 1.8 53329.7
1.05 1.8 45867.4
1.1 1.8 42611.9
1.15 1.8 42350.2
1.2 1.8 44174.9
1.25 1.8 47404.9
1.3 1.8 51526.4
1.35 1.8 56147.9
1.4 1.8 60965.9
1.45 1.8 65735.1
1.5 1.8 70242.4
1.55 1.8 74282.8
1.6 1.8 77646.2
1.65 1.8 80144
1.7 1.8 81690
1.75 1.8 82299.8
1.8 1.8 83670.2
