1.1617000000 1.1617000000 -0.0831791956
1.0000000000 1.0000000000 -0.0833338344
1.0500000000 1.0000000000 -0.0833331341
1.1000000000 1.0000000000 -0.0833338148
1.1500000000 1.0000000000 -0.0833337460
1.2000000000 1.0000000000 -0.0833332404
1.2500000000 1.0000000000 -0.0833338377
1.3000000000 1.0000000000 -0.0833332791
1.3500000000 1.0000000000 -0.0833336789
1.4000000000 1.0000000000 -0.0833334059
1.4500000000 1.0000000000 -0.0833334217
1.5000000000 1.0000000000 -0.0833319121
1.5500000000 1.0000000000 -0.0833322789
1.6000000000 1.0000000000 -0.0833321302
1.6500000000 1.0000000000 -0.0833326023
1.7000000000 1.0000000000 -0.0833336005
1.7500000000 1.0000000000 -0.0833324600
1.8000000000 1.0000000000 -0.0833321288
1.8000000000 1.0500000000 -0.0833342498
1.7500000000 1.0500000000 -0.0833333772
1.7000000000 1.0500000000 -0.0833333250
1.6500000000 1.0500000000 -0.0833333077
1.6000000000 1.0500000000 -0.0833333290
1.5500000000 1.0500000000 -0.0833333256
1.5000000000 1.0500000000 -0.0833333545
1.4500000000 1.0500000000 -0.0833333564
1.4000000000 1.0500000000 -0.0833333184
1.3500000000 1.0500000000 -0.0833333504
1.3000000000 1.0500000000 -0.0833333347
1.2500000000 1.0500000000 -0.0833333337
1.2000000000 1.0500000000 -0.0833347778
1.1500000000 1.0500000000 -0.0833351779
1.1000000000 1.0500000000 -0.0833341689
1.0500000000 1.0500000000 -0.0833335731
1.0000000000 1.0500000000 -0.0833323033
1.0000000000 1.1000000000 -0.0833332100
1.0500000000 1.1000000000 -0.0833341486
1.1000000000 1.1000000000 -0.0833339125
1.1500000000 1.1000000000 -0.0833338261
1.2000000000 1.1000000000 -0.0833373442
1.2500000000 1.1000000000 -0.0833325713
1.3000000000 1.1000000000 -0.0833333295
1.3500000000 1.1000000000 -0.0833333363
1.4000000000 1.1000000000 -0.0833333511
1.4500000000 1.1000000000 -0.0833333617
1.5000000000 1.1000000000 -0.0833333198
1.5500000000 1.1000000000 -0.0833333149
1.6000000000 1.1000000000 -0.0833333415
1.6500000000 1.1000000000 -0.0833333067
1.7000000000 1.1000000000 -0.0833333182
1.7500000000 1.1000000000 -0.0833333938
1.8000000000 1.1000000000 -0.0833645311
1.8000000000 1.1500000000 -0.0833636112
1.7500000000 1.1500000000 -0.0833333312
1.7000000000 1.1500000000 -0.0833333714
1.6500000000 1.1500000000 -0.0833333267
1.6000000000 1.1500000000 -0.0833333192
1.5500000000 1.1500000000 -0.0833333218
1.5000000000 1.1500000000 -0.0833333406
1.4500000000 1.1500000000 -0.0833333488
1.4000000000 1.1500000000 -0.0833333596
1.3500000000 1.1500000000 -0.0833333366
1.3000000000 1.1500000000 -0.0833333344
1.2500000000 1.1500000000 -0.0833303883
1.2000000000 1.1500000000 -0.0833511961
1.1500000000 1.1500000000 -0.0831394423
1.1000000000 1.1500000000 -0.0833338237
1.0500000000 1.1500000000 -0.0833351801
1.0000000000 1.1500000000 -0.0833328804
1.0000000000 1.2000000000 -0.0833336433
1.0500000000 1.2000000000 -0.0833347708
1.1000000000 1.2000000000 -0.0833373549
1.1500000000 1.2000000000 -0.0833556148
1.2000000000 1.2000000000 -0.0833618897
1.2500000000 1.2000000000 -0.0833320601
1.3000000000 1.2000000000 -0.0833333251
1.3500000000 1.2000000000 -0.0833333476
1.4000000000 1.2000000000 -0.0833333374
1.4500000000 1.2000000000 -0.0833333140
1.5000000000 1.2000000000 -0.0833333216
1.5500000000 1.2000000000 -0.0833333424
1.6000000000 1.2000000000 -0.0833333539
1.6500000000 1.2000000000 -0.0833333261
1.7000000000 1.2000000000 -0.0833333462
1.7500000000 1.2000000000 -0.0833332514
1.8000000000 1.2000000000 -0.0833636185
1.8000000000 1.2500000000 -0.0833625233
1.7500000000 1.2500000000 -0.0833334387
1.7000000000 1.2500000000 -0.0833332968
1.6500000000 1.2500000000 -0.0833333266
1.6000000000 1.2500000000 -0.0833333212
1.5500000000 1.2500000000 -0.0833333459
1.5000000000 1.2500000000 -0.0833333745
1.4500000000 1.2500000000 -0.0833333365
1.4000000000 1.2500000000 -0.0833333291
1.3500000000 1.2500000000 -0.0833333112
1.3000000000 1.2500000000 -0.0833333571
1.2500000000 1.2500000000 -0.0833333291
1.2000000000 1.2500000000 -0.0833316115
1.1500000000 1.2500000000 -0.0833300898
1.1000000000 1.2500000000 -0.0833326307
1.0500000000 1.2500000000 -0.0833333208
1.0000000000 1.2500000000 -0.0833339201
1.0000000000 1.3000000000 -0.0833333368
1.0500000000 1.3000000000 -0.0833333322
1.1000000000 1.3000000000 -0.0833333403
1.1500000000 1.3000000000 -0.0833333359
1.2000000000 1.3000000000 -0.0833333160
1.2500000000 1.3000000000 -0.0833333058
1.3000000000 1.3000000000 -0.0833333446
1.3500000000 1.3000000000 -0.0833333454
1.4000000000 1.3000000000 -0.0833333441
1.4500000000 1.3000000000 -0.0833333620
1.5000000000 1.3000000000 -0.0833333287
1.5500000000 1.3000000000 -0.0833333180
1.6000000000 1.3000000000 -0.0833333552
1.6500000000 1.3000000000 -0.0833332875
1.7000000000 1.3000000000 -0.0833333062
1.7500000000 1.3000000000 -0.0833332290
1.8000000000 1.3000000000 -0.0833625038
1.8000000000 1.3500000000 -0.0833636194
1.7500000000 1.3500000000 -0.0833333700
1.7000000000 1.3500000000 -0.0833333972
1.6500000000 1.3500000000 -0.0833333627
1.6000000000 1.3500000000 -0.0833333570
1.5500000000 1.3500000000 -0.0833333351
1.5000000000 1.3500000000 -0.0833333327
1.4500000000 1.3500000000 -0.0833333416
1.4000000000 1.3500000000 -0.0833333353
1.3500000000 1.3500000000 -0.0833333106
1.3000000000 1.3500000000 -0.0833333205
1.2500000000 1.3500000000 -0.0833333348
1.2000000000 1.3500000000 -0.0833333384
1.1500000000 1.3500000000 -0.0833333246
1.1000000000 1.3500000000 -0.0833333449
1.0500000000 1.3500000000 -0.0833333260
1.0000000000 1.3500000000 -0.0833325705
1.0000000000 1.4000000000 -0.0833324367
1.0500000000 1.4000000000 -0.0833333348
1.1000000000 1.4000000000 -0.0833333168
1.1500000000 1.4000000000 -0.0833333302
1.2000000000 1.4000000000 -0.0833333088
1.2500000000 1.4000000000 -0.0833333371
1.3000000000 1.4000000000 -0.0833333452
1.3500000000 1.4000000000 -0.0833333267
1.4000000000 1.4000000000 -0.0833333224
1.4500000000 1.4000000000 -0.0833333564
1.5000000000 1.4000000000 -0.0833333130
1.5500000000 1.4000000000 -0.0833333222
1.6000000000 1.4000000000 -0.0833332906
1.6500000000 1.4000000000 -0.0833333815
1.7000000000 1.4000000000 -0.0833333350
1.7500000000 1.4000000000 -0.0833333920
1.8000000000 1.4000000000 -0.0833636046
1.8000000000 1.4500000000 -0.0833635964
1.7500000000 1.4500000000 -0.0833333117
1.7000000000 1.4500000000 -0.0833332725
1.6500000000 1.4500000000 -0.0833333287
1.6000000000 1.4500000000 -0.0833333773
1.5500000000 1.4500000000 -0.0833333523
1.5000000000 1.4500000000 -0.0833333132
1.4500000000 1.4500000000 -0.0833333359
1.4000000000 1.4500000000 -0.0833333387
1.3500000000 1.4500000000 -0.0833333286
1.3000000000 1.4500000000 -0.0833333372
1.2500000000 1.4500000000 -0.0833333144
1.2000000000 1.4500000000 -0.0833333557
1.1500000000 1.4500000000 -0.0833333556
1.1000000000 1.4500000000 -0.0833333322
1.0500000000 1.4500000000 -0.0833333513
1.0000000000 1.4500000000 -0.0833313272
1.0000000000 1.5000000000 -0.0833342071
1.0500000000 1.5000000000 -0.0833333489
1.1000000000 1.5000000000 -0.0833333224
1.1500000000 1.5000000000 -0.0833333563
1.2000000000 1.5000000000 -0.0833333278
1.2500000000 1.5000000000 -0.0833333309
1.3000000000 1.5000000000 -0.0833333678
1.3500000000 1.5000000000 -0.0833333599
1.4000000000 1.5000000000 -0.0833332621
1.4500000000 1.5000000000 -0.0833332869
1.5000000000 1.5000000000 -0.0833333603
1.5500000000 1.5000000000 -0.0833333161
1.6000000000 1.5000000000 -0.0833333383
1.6500000000 1.5000000000 -0.0833333540
1.7000000000 1.5000000000 -0.0833333262
1.7500000000 1.5000000000 -0.0833333775
1.8000000000 1.5000000000 -0.0833624866
1.8000000000 1.5500000000 -0.0833625274
1.7500000000 1.5500000000 -0.0833333808
1.7000000000 1.5500000000 -0.0833333065
1.6500000000 1.5500000000 -0.0833332634
1.6000000000 1.5500000000 -0.0833333490
1.5500000000 1.5500000000 -0.0833333261
1.5000000000 1.5500000000 -0.0833333249
1.4500000000 1.5500000000 -0.0833333687
1.4000000000 1.5500000000 -0.0833332973
1.3500000000 1.5500000000 -0.0833333763
1.3000000000 1.5500000000 -0.0833332508
1.2500000000 1.5500000000 -0.0833333415
1.2000000000 1.5500000000 -0.0833333273
1.1500000000 1.5500000000 -0.0833333313
1.1000000000 1.5500000000 -0.0833333493
1.0500000000 1.5500000000 -0.0833333228
1.0000000000 1.5500000000 -0.0833326480
1.0000000000 1.6000000000 -0.0833329532
1.0500000000 1.6000000000 -0.0833333085
1.1000000000 1.6000000000 -0.0833333174
1.1500000000 1.6000000000 -0.0833333283
1.2000000000 1.6000000000 -0.0833333367
1.2500000000 1.6000000000 -0.0833333326
1.3000000000 1.6000000000 -0.0833333394
1.3500000000 1.6000000000 -0.0833332982
1.4000000000 1.6000000000 -0.0833334195
1.4500000000 1.6000000000 -0.0833333544
1.5000000000 1.6000000000 -0.0833333210
1.5500000000 1.6000000000 -0.0833333680
1.6000000000 1.6000000000 -0.0833333654
1.6500000000 1.6000000000 -0.0833333850
1.7000000000 1.6000000000 -0.0833333193
1.7500000000 1.6000000000 -0.0833332967
1.8000000000 1.6000000000 -0.0833635938
1.8000000000 1.6500000000 -0.0833635076
1.7500000000 1.6500000000 -0.0833332812
1.7000000000 1.6500000000 -0.0833333923
1.6500000000 1.6500000000 -0.0833334492
1.6000000000 1.6500000000 -0.0833333199
1.5500000000 1.6500000000 -0.0833332759
1.5000000000 1.6500000000 -0.0833333128
1.4500000000 1.6500000000 -0.0833333595
1.4000000000 1.6500000000 -0.0833333137
1.3500000000 1.6500000000 -0.0833332624
1.3000000000 1.6500000000 -0.0833333492
1.2500000000 1.6500000000 -0.0833333396
1.2000000000 1.6500000000 -0.0833332764
1.1500000000 1.6500000000 -0.0833333638
1.1000000000 1.6500000000 -0.0833333005
1.0500000000 1.6500000000 -0.0833333364
1.0000000000 1.6500000000 -0.0833329850
1.0000000000 1.7000000000 -0.0833332829
1.0500000000 1.7000000000 -0.0833333300
1.1000000000 1.7000000000 -0.0833332973
1.1500000000 1.7000000000 -0.0833332768
1.2000000000 1.7000000000 -0.0833332977
1.2500000000 1.7000000000 -0.0833333758
1.3000000000 1.7000000000 -0.0833333262
1.3500000000 1.7000000000 -0.0833333214
1.4000000000 1.7000000000 -0.0833333650
1.4500000000 1.7000000000 -0.0833333551
1.5000000000 1.7000000000 -0.0833333885
1.5500000000 1.7000000000 -0.0833333589
1.6000000000 1.7000000000 -0.0833332861
1.6500000000 1.7000000000 -0.0833333482
1.7000000000 1.7000000000 -0.0833333097
1.7500000000 1.7000000000 -0.0833333848
1.8000000000 1.7000000000 -0.0833644452
1.8000000000 1.7500000000 -0.0833646024
1.7500000000 1.7500000000 -0.0833333802
1.7000000000 1.7500000000 -0.0833333908
1.6500000000 1.7500000000 -0.0833333112
1.6000000000 1.7500000000 -0.0833333639
1.5500000000 1.7500000000 -0.0833333330
1.5000000000 1.7500000000 -0.0833333993
1.4500000000 1.7500000000 -0.0833333599
1.4000000000 1.7500000000 -0.0833333190
1.3500000000 1.7500000000 -0.0833332487
1.3000000000 1.7500000000 -0.0833334023
1.2500000000 1.7500000000 -0.0833333744
1.2000000000 1.7500000000 -0.0833333536
1.1500000000 1.7500000000 -0.0833329165
1.1000000000 1.7500000000 -0.0833333360
1.0500000000 1.7500000000 -0.0833333472
1.0000000000 1.7500000000 -0.0833335514
1.0000000000 1.8000000000 -0.0833336062
1.0500000000 1.8000000000 -0.0833303142
1.1000000000 1.8000000000 -0.0833645436
1.1500000000 1.8000000000 -0.0833636300
1.2000000000 1.8000000000 -0.0833636235
1.2500000000 1.8000000000 -0.0833625382
1.3000000000 1.8000000000 -0.0833636197
1.3500000000 1.8000000000 -0.0833636310
1.4000000000 1.8000000000 -0.0833635934
1.4500000000 1.8000000000 -0.0833636028
1.5000000000 1.8000000000 -0.0833624953
1.5500000000 1.8000000000 -0.0833636298
1.6000000000 1.8000000000 -0.0833636084
1.6500000000 1.8000000000 -0.0833635787
1.7000000000 1.8000000000 -0.0833644897
1.7500000000 1.8000000000 -0.0833655549
1.8000000000 1.8000000000 -0.0833105135
