2   3   290   
12.0   0.0   0.0   0.0
16.0   0.0   0.0   1.167396
16.0   0.0   0.0   -1.167396
1.1674   0.0      
0.0   0.0   0.0   
0.0   0.0   1.167396   
0.0   0.0   -1.167396   
1.00  0.00  37132.5
0.0   0.0   0.0   
0.0   0.0   1.0  
0.0   0.0   -1.0  
1.025   0.025      
0.0   0.0   -0.018182   
0.0   0.0   1.031818   
0.0   0.0   -1.018182   
1.05  0.05  
0.0   0.0   -0.036364   
0.0   0.0   1.063636   
0.0   0.0   -1.036364   
1.075   0.075      
0.0   0.0   -0.054545   
0.0   0.0   1.095455   
0.0   0.0   -1.054545   
1.1  0.1  
0.0   0.0   -0.072727   
0.0   0.0   1.127273   
0.0   0.0   -1.072727   
1.125   0.125      
0.0   0.0   -0.090909   
0.0   0.0   1.159091   
0.0   0.0   -1.090909   
1.15  0.15  
0.0   0.0   -0.109091   
0.0   0.0   1.190909   
0.0   0.0   -1.109091   
1.175   0.175      
0.0   0.0   -0.127273   
0.0   0.0   1.222727   
0.0   0.0   -1.127273   
1.2  0.2  
0.0   0.0   -0.145455   
0.0   0.0   1.254545   
0.0   0.0   -1.145455   
1.225   0.225      
0.0   0.0   -0.163636   
0.0   0.0   1.286364   
0.0   0.0   -1.163636   
1.25  0.25  
0.0   0.0   -0.181818   
0.0   0.0   1.318182   
0.0   0.0   -1.181818   
1.275   0.275      
0.0   0.0   -0.2   
0.0   0.0   1.35   
0.0   0.0   -1.2   
1.3  0.3  
0.0   0.0   -0.218182   
0.0   0.0   1.381818   
0.0   0.0   -1.218182   
1.325   0.325      
0.0   0.0   -0.236364   
0.0   0.0   1.413636   
0.0   0.0   -1.236364   
1.35  0.35  
0.0   0.0   -0.254545   
0.0   0.0   1.445455   
0.0   0.0   -1.254545   
1.375   0.375      
0.0   0.0   -0.272727   
0.0   0.0   1.477273   
0.0   0.0   -1.272727   
1.4  0.4  
0.0   0.0   -0.290909   
0.0   0.0   1.509091   
0.0   0.0   -1.290909   
1.425   0.375      
0.0   0.0   -0.272727   
0.0   0.0   1.527273   
0.0   0.0   -1.322727   
1.4  0.35  
0.0   0.0   -0.254545   
0.0   0.0   1.495455   
0.0   0.0   -1.304545   
1.375   0.325      
0.0   0.0   -0.236364   
0.0   0.0   1.463636   
0.0   0.0   -1.286364   
1.35  0.3  
0.0   0.0   -0.218182   
0.0   0.0   1.431818   
0.0   0.0   -1.268182   
1.325   0.275      
0.0   0.0   -0.2   
0.0   0.0   1.4   
0.0   0.0   -1.25   
1.3  0.25  
0.0   0.0   -0.181818   
0.0   0.0   1.368182   
0.0   0.0   -1.231818   
1.275   0.225      
0.0   0.0   -0.163636   
0.0   0.0   1.336364   
0.0   0.0   -1.213636   
1.25  0.2  
0.0   0.0   -0.145455   
0.0   0.0   1.304545   
0.0   0.0   -1.195455   
1.225   0.175      
0.0   0.0   -0.127273   
0.0   0.0   1.272727   
0.0   0.0   -1.177273   
1.2  0.15  
0.0   0.0   -0.109091   
0.0   0.0   1.240909   
0.0   0.0   -1.159091   
1.175   0.125      
0.0   0.0   -0.090909   
0.0   0.0   1.209091   
0.0   0.0   -1.140909   
1.15  0.1  
0.0   0.0   -0.072727   
0.0   0.0   1.177273   
0.0   0.0   -1.122727   
1.125   0.075      
0.0   0.0   -0.054545   
0.0   0.0   1.145455   
0.0   0.0   -1.104545   
1.1  0.0499999999999999  
0.0   0.0   -0.036364   
0.0   0.0   1.113636   
0.0   0.0   -1.086364   
1.075   0.025      
0.0   0.0   -0.018182   
0.0   0.0   1.081818   
0.0   0.0   -1.068182   
1.05  0.00  
0.0   0.0   0.0   
0.0   0.0   1.05   
0.0   0.0   -1.05   
1.025   -0.025      
0.0   0.0   0.018182   
0.0   0.0   1.018182   
0.0   0.0   -1.031818   
1.05  -0.05  
0.0   0.0   0.036364   
0.0   0.0   1.036364   
0.0   0.0   -1.063636   
1.075   -0.025      
0.0   0.0   0.018182   
0.0   0.0   1.068182   
0.0   0.0   -1.081818   
1.1  0.00  
0.0   0.0   0.0   
0.0   0.0   1.1   
0.0   0.0   -1.1   
1.125   0.0249999999999999      
0.0   0.0   -0.018182   
0.0   0.0   1.131818   
0.0   0.0   -1.118182   
1.15  0.0499999999999999  
0.0   0.0   -0.036364   
0.0   0.0   1.163636   
0.0   0.0   -1.136364   
1.175   0.075      
0.0   0.0   -0.054545   
0.0   0.0   1.195455   
0.0   0.0   -1.154545   
1.2  0.1  
0.0   0.0   -0.072727   
0.0   0.0   1.227273   
0.0   0.0   -1.172727   
1.225   0.125      
0.0   0.0   -0.090909   
0.0   0.0   1.259091   
0.0   0.0   -1.190909   
1.25  0.15  
0.0   0.0   -0.109091   
0.0   0.0   1.290909   
0.0   0.0   -1.209091   
1.275   0.175      
0.0   0.0   -0.127273   
0.0   0.0   1.322727   
0.0   0.0   -1.227273   
1.3  0.2  
0.0   0.0   -0.145455   
0.0   0.0   1.354545   
0.0   0.0   -1.245455   
1.325   0.225      
0.0   0.0   -0.163636   
0.0   0.0   1.386364   
0.0   0.0   -1.263636   
1.35  0.25  
0.0   0.0   -0.181818   
0.0   0.0   1.418182   
0.0   0.0   -1.281818   
1.375   0.275      
0.0   0.0   -0.2   
0.0   0.0   1.45   
0.0   0.0   -1.3   
1.4  0.3  
0.0   0.0   -0.218182   
0.0   0.0   1.481818   
0.0   0.0   -1.318182   
1.425   0.325      
0.0   0.0   -0.236364   
0.0   0.0   1.513636   
0.0   0.0   -1.336364   
1.45  0.35  
0.0   0.0   -0.254545   
0.0   0.0   1.545455   
0.0   0.0   -1.354545   
1.475   0.325      
0.0   0.0   -0.236364   
0.0   0.0   1.563636   
0.0   0.0   -1.386364   
1.45  0.3  
0.0   0.0   -0.218182   
0.0   0.0   1.531818   
0.0   0.0   -1.368182   
1.425   0.275      
0.0   0.0   -0.2   
0.0   0.0   1.5   
0.0   0.0   -1.35   
1.4  0.25  
0.0   0.0   -0.181818   
0.0   0.0   1.468182   
0.0   0.0   -1.331818   
1.375   0.225      
0.0   0.0   -0.163636   
0.0   0.0   1.436364   
0.0   0.0   -1.313636   
1.35  0.2  
0.0   0.0   -0.145455   
0.0   0.0   1.404545   
0.0   0.0   -1.295455   
1.325   0.175      
0.0   0.0   -0.127273   
0.0   0.0   1.372727   
0.0   0.0   -1.277273   
1.3  0.15  
0.0   0.0   -0.109091   
0.0   0.0   1.340909   
0.0   0.0   -1.259091   
1.275   0.125      
0.0   0.0   -0.090909   
0.0   0.0   1.309091   
0.0   0.0   -1.240909   
1.25  0.1  
0.0   0.0   -0.072727   
0.0   0.0   1.277273   
0.0   0.0   -1.222727   
1.225   0.0750000000000001      
0.0   0.0   -0.054545   
0.0   0.0   1.245455   
0.0   0.0   -1.204545   
1.2  0.05  
0.0   0.0   -0.036364   
0.0   0.0   1.213636   
0.0   0.0   -1.186364   
1.175   0.025      
0.0   0.0   -0.018182   
0.0   0.0   1.181818   
0.0   0.0   -1.168182   
1.15  0.00  
0.0   0.0   0.0   
0.0   0.0   1.15   
0.0   0.0   -1.15   
1.125   -0.0249999999999999      
0.0   0.0   0.018182   
0.0   0.0   1.118182   
0.0   0.0   -1.131818   
1.1  -0.0499999999999999  
0.0   0.0   0.036364   
0.0   0.0   1.086364   
0.0   0.0   -1.113636   
1.075   -0.075      
0.0   0.0   0.054545   
0.0   0.0   1.054545   
0.0   0.0   -1.095455   
1.1  -0.1  
0.0   0.0   0.072727   
0.0   0.0   1.072727   
0.0   0.0   -1.127273   
1.125   -0.075      
0.0   0.0   0.054545   
0.0   0.0   1.104545   
0.0   0.0   -1.145455   
1.15  -0.0499999999999999  
0.0   0.0   0.036364   
0.0   0.0   1.136364   
0.0   0.0   -1.163636   
1.175   -0.025      
0.0   0.0   0.018182   
0.0   0.0   1.168182   
0.0   0.0   -1.181818   
1.2  0.00  
0.0   0.0   0.0   
0.0   0.0   1.2   
0.0   0.0   -1.2   
1.225   0.025      
0.0   0.0   -0.018182   
0.0   0.0   1.231818   
0.0   0.0   -1.218182   
1.25  0.05  
0.0   0.0   -0.036364   
0.0   0.0   1.263636   
0.0   0.0   -1.236364   
1.275   0.0750000000000001      
0.0   0.0   -0.054545   
0.0   0.0   1.295455   
0.0   0.0   -1.254545   
1.3  0.1  
0.0   0.0   -0.072727   
0.0   0.0   1.327273   
0.0   0.0   -1.272727   
1.325   0.125      
0.0   0.0   -0.090909   
0.0   0.0   1.359091   
0.0   0.0   -1.290909   
1.35  0.15  
0.0   0.0   -0.109091   
0.0   0.0   1.390909   
0.0   0.0   -1.309091   
1.375   0.175      
0.0   0.0   -0.127273   
0.0   0.0   1.422727   
0.0   0.0   -1.327273   
1.4  0.2  
0.0   0.0   -0.145455   
0.0   0.0   1.454545   
0.0   0.0   -1.345455   
1.425   0.225      
0.0   0.0   -0.163636   
0.0   0.0   1.486364   
0.0   0.0   -1.363636   
1.45  0.25  
0.0   0.0   -0.181818   
0.0   0.0   1.518182   
0.0   0.0   -1.381818   
1.475   0.275      
0.0   0.0   -0.2   
0.0   0.0   1.55   
0.0   0.0   -1.4   
1.5  0.3  
0.0   0.0   -0.218182   
0.0   0.0   1.581818   
0.0   0.0   -1.418182   
1.525   0.275      
0.0   0.0   -0.2   
0.0   0.0   1.6   
0.0   0.0   -1.45   
1.5  0.25  
0.0   0.0   -0.181818   
0.0   0.0   1.568182   
0.0   0.0   -1.431818   
1.475   0.225      
0.0   0.0   -0.163636   
0.0   0.0   1.536364   
0.0   0.0   -1.413636   
1.45  0.2  
0.0   0.0   -0.145455   
0.0   0.0   1.504545   
0.0   0.0   -1.395455   
1.425   0.175      
0.0   0.0   -0.127273   
0.0   0.0   1.472727   
0.0   0.0   -1.377273   
1.4  0.15  
0.0   0.0   -0.109091   
0.0   0.0   1.440909   
0.0   0.0   -1.359091   
1.375   0.125      
0.0   0.0   -0.090909   
0.0   0.0   1.409091   
0.0   0.0   -1.340909   
1.35  0.1  
0.0   0.0   -0.072727   
0.0   0.0   1.377273   
0.0   0.0   -1.322727   
1.325   0.075      
0.0   0.0   -0.054545   
0.0   0.0   1.345455   
0.0   0.0   -1.304545   
1.3  0.05  
0.0   0.0   -0.036364   
0.0   0.0   1.313636   
0.0   0.0   -1.286364   
1.275   0.025      
0.0   0.0   -0.018182   
0.0   0.0   1.281818   
0.0   0.0   -1.268182   
1.25  0.00  
0.0   0.0   0.0   
0.0   0.0   1.25   
0.0   0.0   -1.25   
1.225   -0.025      
0.0   0.0   0.018182   
0.0   0.0   1.218182   
0.0   0.0   -1.231818   
1.2  -0.05  
0.0   0.0   0.036364   
0.0   0.0   1.186364   
0.0   0.0   -1.213636   
1.175   -0.075      
0.0   0.0   0.054545   
0.0   0.0   1.154545   
0.0   0.0   -1.195455   
1.15  -0.1  
0.0   0.0   0.072727   
0.0   0.0   1.122727   
0.0   0.0   -1.177273   
1.125   -0.125      
0.0   0.0   0.090909   
0.0   0.0   1.090909   
0.0   0.0   -1.159091   
1.15  -0.15  
0.0   0.0   0.109091   
0.0   0.0   1.109091   
0.0   0.0   -1.190909   
1.175   -0.125      
0.0   0.0   0.090909   
0.0   0.0   1.140909   
0.0   0.0   -1.209091   
1.2  -0.1  
0.0   0.0   0.072727   
0.0   0.0   1.172727   
0.0   0.0   -1.227273   
1.225   -0.0750000000000001      
0.0   0.0   0.054545   
0.0   0.0   1.204545   
0.0   0.0   -1.245455   
1.25  -0.05  
0.0   0.0   0.036364   
0.0   0.0   1.236364   
0.0   0.0   -1.263636   
1.275   -0.025      
0.0   0.0   0.018182   
0.0   0.0   1.268182   
0.0   0.0   -1.281818   
1.3  0.00  
0.0   0.0   0.0   
0.0   0.0   1.3   
0.0   0.0   -1.3   
1.325   0.025      
0.0   0.0   -0.018182   
0.0   0.0   1.331818   
0.0   0.0   -1.318182   
1.35  0.0499999999999999  
0.0   0.0   -0.036364   
0.0   0.0   1.363636   
0.0   0.0   -1.336364   
1.375   0.075      
0.0   0.0   -0.054545   
0.0   0.0   1.395455   
0.0   0.0   -1.354545   
1.4  0.1  
0.0   0.0   -0.072727   
0.0   0.0   1.427273   
0.0   0.0   -1.372727   
1.425   0.125      
0.0   0.0   -0.090909   
0.0   0.0   1.459091   
0.0   0.0   -1.390909   
1.45  0.15  
0.0   0.0   -0.109091   
0.0   0.0   1.490909   
0.0   0.0   -1.409091   
1.475   0.175      
0.0   0.0   -0.127273   
0.0   0.0   1.522727   
0.0   0.0   -1.427273   
1.5  0.2  
0.0   0.0   -0.145455   
0.0   0.0   1.554545   
0.0   0.0   -1.445455   
1.525   0.225      
0.0   0.0   -0.163636   
0.0   0.0   1.586364   
0.0   0.0   -1.463636   
1.55  0.25  
0.0   0.0   -0.181818   
0.0   0.0   1.618182   
0.0   0.0   -1.481818   
1.575   0.225      
0.0   0.0   -0.163636   
0.0   0.0   1.636364   
0.0   0.0   -1.513636   
1.55  0.2  
0.0   0.0   -0.145455   
0.0   0.0   1.604545   
0.0   0.0   -1.495455   
1.525   0.175      
0.0   0.0   -0.127273   
0.0   0.0   1.572727   
0.0   0.0   -1.477273   
1.5  0.15  
0.0   0.0   -0.109091   
0.0   0.0   1.540909   
0.0   0.0   -1.459091   
1.475   0.125      
0.0   0.0   -0.090909   
0.0   0.0   1.509091   
0.0   0.0   -1.440909   
1.45  0.1  
0.0   0.0   -0.072727   
0.0   0.0   1.477273   
0.0   0.0   -1.422727   
1.425   0.075      
0.0   0.0   -0.054545   
0.0   0.0   1.445455   
0.0   0.0   -1.404545   
1.4  0.0499999999999999  
0.0   0.0   -0.036364   
0.0   0.0   1.413636   
0.0   0.0   -1.386364   
1.375   0.0249999999999999      
0.0   0.0   -0.018182   
0.0   0.0   1.381818   
0.0   0.0   -1.368182   
1.35  0.00  
0.0   0.0   0.0   
0.0   0.0   1.35   
0.0   0.0   -1.35   
1.325   -0.025      
0.0   0.0   0.018182   
0.0   0.0   1.318182   
0.0   0.0   -1.331818   
1.3  -0.05  
0.0   0.0   0.036364   
0.0   0.0   1.286364   
0.0   0.0   -1.313636   
1.275   -0.0750000000000001      
0.0   0.0   0.054545   
0.0   0.0   1.254545   
0.0   0.0   -1.295455   
1.25  -0.1  
0.0   0.0   0.072727   
0.0   0.0   1.222727   
0.0   0.0   -1.277273   
1.225   -0.125      
0.0   0.0   0.090909   
0.0   0.0   1.190909   
0.0   0.0   -1.259091   
1.2  -0.15  
0.0   0.0   0.109091   
0.0   0.0   1.159091   
0.0   0.0   -1.240909   
1.175   -0.175      
0.0   0.0   0.127273   
0.0   0.0   1.127273   
0.0   0.0   -1.222727   
1.2  -0.2  
0.0   0.0   0.145455   
0.0   0.0   1.145455   
0.0   0.0   -1.254545   
1.225   -0.175      
0.0   0.0   0.127273   
0.0   0.0   1.177273   
0.0   0.0   -1.272727   
1.25  -0.15  
0.0   0.0   0.109091   
0.0   0.0   1.209091   
0.0   0.0   -1.290909   
1.275   -0.125      
0.0   0.0   0.090909   
0.0   0.0   1.240909   
0.0   0.0   -1.309091   
1.3  -0.1  
0.0   0.0   0.072727   
0.0   0.0   1.272727   
0.0   0.0   -1.327273   
1.325   -0.075      
0.0   0.0   0.054545   
0.0   0.0   1.304545   
0.0   0.0   -1.345455   
1.35  -0.0499999999999999  
0.0   0.0   0.036364   
0.0   0.0   1.336364   
0.0   0.0   -1.363636   
1.375   -0.0249999999999999      
0.0   0.0   0.018182   
0.0   0.0   1.368182   
0.0   0.0   -1.381818   
1.4  0.00  
0.0   0.0   0.0   
0.0   0.0   1.4   
0.0   0.0   -1.4   
1.425   0.025      
0.0   0.0   -0.018182   
0.0   0.0   1.431818   
0.0   0.0   -1.418182   
1.45  0.05  
0.0   0.0   -0.036364   
0.0   0.0   1.463636   
0.0   0.0   -1.436364   
1.475   0.0750000000000001      
0.0   0.0   -0.054545   
0.0   0.0   1.495455   
0.0   0.0   -1.454545   
1.5  0.1  
0.0   0.0   -0.072727   
0.0   0.0   1.527273   
0.0   0.0   -1.472727   
1.525   0.125      
0.0   0.0   -0.090909   
0.0   0.0   1.559091   
0.0   0.0   -1.490909   
1.55  0.15  
0.0   0.0   -0.109091   
0.0   0.0   1.590909   
0.0   0.0   -1.509091   
1.575   0.175      
0.0   0.0   -0.127273   
0.0   0.0   1.622727   
0.0   0.0   -1.527273   
1.6  0.2  
0.0   0.0   -0.145455   
0.0   0.0   1.654545   
0.0   0.0   -1.545455   
1.625   0.175      
0.0   0.0   -0.127273   
0.0   0.0   1.672727   
0.0   0.0   -1.577273   
1.6  0.15  
0.0   0.0   -0.109091   
0.0   0.0   1.640909   
0.0   0.0   -1.559091   
1.575   0.125      
0.0   0.0   -0.090909   
0.0   0.0   1.609091   
0.0   0.0   -1.540909   
1.55  0.1  
0.0   0.0   -0.072727   
0.0   0.0   1.577273   
0.0   0.0   -1.522727   
1.525   0.0750000000000001      
0.0   0.0   -0.054545   
0.0   0.0   1.545455   
0.0   0.0   -1.504545   
1.5  0.05  
0.0   0.0   -0.036364   
0.0   0.0   1.513636   
0.0   0.0   -1.486364   
1.475   0.025      
0.0   0.0   -0.018182   
0.0   0.0   1.481818   
0.0   0.0   -1.468182   
1.45  0.00  
0.0   0.0   0.0   
0.0   0.0   1.45   
0.0   0.0   -1.45   
1.425   -0.025      
0.0   0.0   0.018182   
0.0   0.0   1.418182   
0.0   0.0   -1.431818   
1.4  -0.0499999999999999  
0.0   0.0   0.036364   
0.0   0.0   1.386364   
0.0   0.0   -1.413636   
1.375   -0.075      
0.0   0.0   0.054545   
0.0   0.0   1.354545   
0.0   0.0   -1.395455   
1.35  -0.1  
0.0   0.0   0.072727   
0.0   0.0   1.322727   
0.0   0.0   -1.377273   
1.325   -0.125      
0.0   0.0   0.090909   
0.0   0.0   1.290909   
0.0   0.0   -1.359091   
1.3  -0.15  
0.0   0.0   0.109091   
0.0   0.0   1.259091   
0.0   0.0   -1.340909   
1.275   -0.175      
0.0   0.0   0.127273   
0.0   0.0   1.227273   
0.0   0.0   -1.322727   
1.25  -0.2  
0.0   0.0   0.145455   
0.0   0.0   1.195455   
0.0   0.0   -1.304545   
1.225   -0.225      
0.0   0.0   0.163636   
0.0   0.0   1.163636   
0.0   0.0   -1.286364   
1.25  -0.25  
0.0   0.0   0.181818   
0.0   0.0   1.181818   
0.0   0.0   -1.318182   
1.275   -0.225      
0.0   0.0   0.163636   
0.0   0.0   1.213636   
0.0   0.0   -1.336364   
1.3  -0.2  
0.0   0.0   0.145455   
0.0   0.0   1.245455   
0.0   0.0   -1.354545   
1.325   -0.175      
0.0   0.0   0.127273   
0.0   0.0   1.277273   
0.0   0.0   -1.372727   
1.35  -0.15  
0.0   0.0   0.109091   
0.0   0.0   1.309091   
0.0   0.0   -1.390909   
1.375   -0.125      
0.0   0.0   0.090909   
0.0   0.0   1.340909   
0.0   0.0   -1.409091   
1.4  -0.1  
0.0   0.0   0.072727   
0.0   0.0   1.372727   
0.0   0.0   -1.427273   
1.425   -0.075      
0.0   0.0   0.054545   
0.0   0.0   1.404545   
0.0   0.0   -1.445455   
1.45  -0.05  
0.0   0.0   0.036364   
0.0   0.0   1.436364   
0.0   0.0   -1.463636   
1.475   -0.025      
0.0   0.0   0.018182   
0.0   0.0   1.468182   
0.0   0.0   -1.481818   
1.5  0.00  
0.0   0.0   0.0   
0.0   0.0   1.5   
0.0   0.0   -1.5   
1.525   0.025      
0.0   0.0   -0.018182   
0.0   0.0   1.531818   
0.0   0.0   -1.518182   
1.55  0.05  
0.0   0.0   -0.036364   
0.0   0.0   1.563636   
0.0   0.0   -1.536364   
1.575   0.075      
0.0   0.0   -0.054545   
0.0   0.0   1.595455   
0.0   0.0   -1.554545   
1.6  0.1  
0.0   0.0   -0.072727   
0.0   0.0   1.627273   
0.0   0.0   -1.572727   
1.625   0.125      
0.0   0.0   -0.090909   
0.0   0.0   1.659091   
0.0   0.0   -1.590909   
1.65  0.15  
0.0   0.0   -0.109091   
0.0   0.0   1.690909   
0.0   0.0   -1.609091   
1.675   0.125      
0.0   0.0   -0.090909   
0.0   0.0   1.709091   
0.0   0.0   -1.640909   
1.65  0.1  
0.0   0.0   -0.072727   
0.0   0.0   1.677273   
0.0   0.0   -1.622727   
1.625   0.075      
0.0   0.0   -0.054545   
0.0   0.0   1.645455   
0.0   0.0   -1.604545   
1.6  0.0499999999999999  
0.0   0.0   -0.036364   
0.0   0.0   1.613636   
0.0   0.0   -1.586364   
1.575   0.025      
0.0   0.0   -0.018182   
0.0   0.0   1.581818   
0.0   0.0   -1.568182   
1.55  0.00  
0.0   0.0   0.0   
0.0   0.0   1.55   
0.0   0.0   -1.55   
1.525   -0.025      
0.0   0.0   0.018182   
0.0   0.0   1.518182   
0.0   0.0   -1.531818   
1.5  -0.05  
0.0   0.0   0.036364   
0.0   0.0   1.486364   
0.0   0.0   -1.513636   
1.475   -0.0750000000000001      
0.0   0.0   0.054545   
0.0   0.0   1.454545   
0.0   0.0   -1.495455   
1.45  -0.1  
0.0   0.0   0.072727   
0.0   0.0   1.422727   
0.0   0.0   -1.477273   
1.425   -0.125      
0.0   0.0   0.090909   
0.0   0.0   1.390909   
0.0   0.0   -1.459091   
1.4  -0.15  
0.0   0.0   0.109091   
0.0   0.0   1.359091   
0.0   0.0   -1.440909   
1.375   -0.175      
0.0   0.0   0.127273   
0.0   0.0   1.327273   
0.0   0.0   -1.422727   
1.35  -0.2  
0.0   0.0   0.145455   
0.0   0.0   1.295455   
0.0   0.0   -1.404545   
1.325   -0.225      
0.0   0.0   0.163636   
0.0   0.0   1.263636   
0.0   0.0   -1.386364   
1.3  -0.25  
0.0   0.0   0.181818   
0.0   0.0   1.231818   
0.0   0.0   -1.368182   
1.275   -0.275      
0.0   0.0   0.2   
0.0   0.0   1.2   
0.0   0.0   -1.35   
1.3  -0.3  
0.0   0.0   0.218182   
0.0   0.0   1.218182   
0.0   0.0   -1.381818   
1.325   -0.275      
0.0   0.0   0.2   
0.0   0.0   1.25   
0.0   0.0   -1.4   
1.35  -0.25  
0.0   0.0   0.181818   
0.0   0.0   1.281818   
0.0   0.0   -1.418182   
1.375   -0.225      
0.0   0.0   0.163636   
0.0   0.0   1.313636   
0.0   0.0   -1.436364   
1.4  -0.2  
0.0   0.0   0.145455   
0.0   0.0   1.345455   
0.0   0.0   -1.454545   
1.425   -0.175      
0.0   0.0   0.127273   
0.0   0.0   1.377273   
0.0   0.0   -1.472727   
1.45  -0.15  
0.0   0.0   0.109091   
0.0   0.0   1.409091   
0.0   0.0   -1.490909   
1.475   -0.125      
0.0   0.0   0.090909   
0.0   0.0   1.440909   
0.0   0.0   -1.509091   
1.5  -0.1  
0.0   0.0   0.072727   
0.0   0.0   1.472727   
0.0   0.0   -1.527273   
1.525   -0.0750000000000001      
0.0   0.0   0.054545   
0.0   0.0   1.504545   
0.0   0.0   -1.545455   
1.55  -0.05  
0.0   0.0   0.036364   
0.0   0.0   1.536364   
0.0   0.0   -1.563636   
1.575   -0.025      
0.0   0.0   0.018182   
0.0   0.0   1.568182   
0.0   0.0   -1.581818   
1.6  0.00  
0.0   0.0   0.0   
0.0   0.0   1.6   
0.0   0.0   -1.6   
1.625   0.0249999999999999      
0.0   0.0   -0.018182   
0.0   0.0   1.631818   
0.0   0.0   -1.618182   
1.65  0.0499999999999999  
0.0   0.0   -0.036364   
0.0   0.0   1.663636   
0.0   0.0   -1.636364   
1.675   0.075      
0.0   0.0   -0.054545   
0.0   0.0   1.695455   
0.0   0.0   -1.654545   
1.7  0.1  
0.0   0.0   -0.072727   
0.0   0.0   1.727273   
0.0   0.0   -1.672727   
1.725   0.0750000000000001      
0.0   0.0   -0.054545   
0.0   0.0   1.745455   
0.0   0.0   -1.704545   
1.7  0.05  
0.0   0.0   -0.036364   
0.0   0.0   1.713636   
0.0   0.0   -1.686364   
1.675   0.025      
0.0   0.0   -0.018182   
0.0   0.0   1.681818   
0.0   0.0   -1.668182   
1.65  0.00  
0.0   0.0   0.0   
0.0   0.0   1.65   
0.0   0.0   -1.65   
1.625   -0.0249999999999999      
0.0   0.0   0.018182   
0.0   0.0   1.618182   
0.0   0.0   -1.631818   
1.6  -0.0499999999999999  
0.0   0.0   0.036364   
0.0   0.0   1.586364   
0.0   0.0   -1.613636   
1.575   -0.075      
0.0   0.0   0.054545   
0.0   0.0   1.554545   
0.0   0.0   -1.595455   
1.55  -0.1  
0.0   0.0   0.072727   
0.0   0.0   1.522727   
0.0   0.0   -1.577273   
1.525   -0.125      
0.0   0.0   0.090909   
0.0   0.0   1.490909   
0.0   0.0   -1.559091   
1.5  -0.15  
0.0   0.0   0.109091   
0.0   0.0   1.459091   
0.0   0.0   -1.540909   
1.475   -0.175      
0.0   0.0   0.127273   
0.0   0.0   1.427273   
0.0   0.0   -1.522727   
1.45  -0.2  
0.0   0.0   0.145455   
0.0   0.0   1.395455   
0.0   0.0   -1.504545   
1.425   -0.225      
0.0   0.0   0.163636   
0.0   0.0   1.363636   
0.0   0.0   -1.486364   
1.4  -0.25  
0.0   0.0   0.181818   
0.0   0.0   1.331818   
0.0   0.0   -1.468182   
1.375   -0.275      
0.0   0.0   0.2   
0.0   0.0   1.3   
0.0   0.0   -1.45   
1.35  -0.3  
0.0   0.0   0.218182   
0.0   0.0   1.268182   
0.0   0.0   -1.431818   
1.325   -0.325      
0.0   0.0   0.236364   
0.0   0.0   1.236364   
0.0   0.0   -1.413636   
1.35  -0.35  
0.0   0.0   0.254545   
0.0   0.0   1.254545   
0.0   0.0   -1.445455   
1.375   -0.325      
0.0   0.0   0.236364   
0.0   0.0   1.286364   
0.0   0.0   -1.463636   
1.4  -0.3  
0.0   0.0   0.218182   
0.0   0.0   1.318182   
0.0   0.0   -1.481818   
1.425   -0.275      
0.0   0.0   0.2   
0.0   0.0   1.35   
0.0   0.0   -1.5   
1.45  -0.25  
0.0   0.0   0.181818   
0.0   0.0   1.381818   
0.0   0.0   -1.518182   
1.475   -0.225      
0.0   0.0   0.163636   
0.0   0.0   1.413636   
0.0   0.0   -1.536364   
1.5  -0.2  
0.0   0.0   0.145455   
0.0   0.0   1.445455   
0.0   0.0   -1.554545   
1.525   -0.175      
0.0   0.0   0.127273   
0.0   0.0   1.477273   
0.0   0.0   -1.572727   
1.55  -0.15  
0.0   0.0   0.109091   
0.0   0.0   1.509091   
0.0   0.0   -1.590909   
1.575   -0.125      
0.0   0.0   0.090909   
0.0   0.0   1.540909   
0.0   0.0   -1.609091   
1.6  -0.1  
0.0   0.0   0.072727   
0.0   0.0   1.572727   
0.0   0.0   -1.627273   
1.625   -0.075      
0.0   0.0   0.054545   
0.0   0.0   1.604545   
0.0   0.0   -1.645455   
1.65  -0.0499999999999999  
0.0   0.0   0.036364   
0.0   0.0   1.636364   
0.0   0.0   -1.663636   
1.675   -0.025      
0.0   0.0   0.018182   
0.0   0.0   1.668182   
0.0   0.0   -1.681818   
1.7  0.00  
0.0   0.0   0.0   
0.0   0.0   1.7   
0.0   0.0   -1.7   
1.725   0.025      
0.0   0.0   -0.018182   
0.0   0.0   1.731818   
0.0   0.0   -1.718182   
1.75  0.05  
0.0   0.0   -0.036364   
0.0   0.0   1.763636   
0.0   0.0   -1.736364   
1.775   0.025      
0.0   0.0   -0.018182   
0.0   0.0   1.781818   
0.0   0.0   -1.768182   
1.75  0.00  
0.0   0.0   0.0   
0.0   0.0   1.75   
0.0   0.0   -1.75   
1.725   -0.025      
0.0   0.0   0.018182   
0.0   0.0   1.718182   
0.0   0.0   -1.731818   
1.7  -0.05  
0.0   0.0   0.036364   
0.0   0.0   1.686364   
0.0   0.0   -1.713636   
1.675   -0.075      
0.0   0.0   0.054545   
0.0   0.0   1.654545   
0.0   0.0   -1.695455   
1.65  -0.1  
0.0   0.0   0.072727   
0.0   0.0   1.622727   
0.0   0.0   -1.677273   
1.625   -0.125      
0.0   0.0   0.090909   
0.0   0.0   1.590909   
0.0   0.0   -1.659091   
1.6  -0.15  
0.0   0.0   0.109091   
0.0   0.0   1.559091   
0.0   0.0   -1.640909   
1.575   -0.175      
0.0   0.0   0.127273   
0.0   0.0   1.527273   
0.0   0.0   -1.622727   
1.55  -0.2  
0.0   0.0   0.145455   
0.0   0.0   1.495455   
0.0   0.0   -1.604545   
1.525   -0.225      
0.0   0.0   0.163636   
0.0   0.0   1.463636   
0.0   0.0   -1.586364   
1.5  -0.25  
0.0   0.0   0.181818   
0.0   0.0   1.431818   
0.0   0.0   -1.568182   
1.475   -0.275      
0.0   0.0   0.2   
0.0   0.0   1.4   
0.0   0.0   -1.55   
1.45  -0.3  
0.0   0.0   0.218182   
0.0   0.0   1.368182   
0.0   0.0   -1.531818   
1.425   -0.325      
0.0   0.0   0.236364   
0.0   0.0   1.336364   
0.0   0.0   -1.513636   
1.4  -0.35  
0.0   0.0   0.254545   
0.0   0.0   1.304545   
0.0   0.0   -1.495455   
1.375   -0.375      
0.0   0.0   0.272727   
0.0   0.0   1.272727   
0.0   0.0   -1.477273   
1.4  -0.4  
0.0   0.0   0.290909   
0.0   0.0   1.290909   
0.0   0.0   -1.509091   
1.425   -0.375      
0.0   0.0   0.272727   
0.0   0.0   1.322727   
0.0   0.0   -1.527273   
1.45  -0.35  
0.0   0.0   0.254545   
0.0   0.0   1.354545   
0.0   0.0   -1.545455   
1.475   -0.325      
0.0   0.0   0.236364   
0.0   0.0   1.386364   
0.0   0.0   -1.563636   
1.5  -0.3  
0.0   0.0   0.218182   
0.0   0.0   1.418182   
0.0   0.0   -1.581818   
1.525   -0.275      
0.0   0.0   0.2   
0.0   0.0   1.45   
0.0   0.0   -1.6   
1.55  -0.25  
0.0   0.0   0.181818   
0.0   0.0   1.481818   
0.0   0.0   -1.618182   
1.575   -0.225      
0.0   0.0   0.163636   
0.0   0.0   1.513636   
0.0   0.0   -1.636364   
1.6  -0.2  
0.0   0.0   0.145455   
0.0   0.0   1.545455   
0.0   0.0   -1.654545   
1.625   -0.175      
0.0   0.0   0.127273   
0.0   0.0   1.577273   
0.0   0.0   -1.672727   
1.65  -0.15  
0.0   0.0   0.109091   
0.0   0.0   1.609091   
0.0   0.0   -1.690909   
1.675   -0.125      
0.0   0.0   0.090909   
0.0   0.0   1.640909   
0.0   0.0   -1.709091   
1.7  -0.1  
0.0   0.0   0.072727   
0.0   0.0   1.672727   
0.0   0.0   -1.727273   
1.725   -0.0750000000000001      
0.0   0.0   0.054545   
0.0   0.0   1.704545   
0.0   0.0   -1.745455   
1.75  -0.05  
0.0   0.0   0.036364   
0.0   0.0   1.736364   
0.0   0.0   -1.763636   
1.775   -0.025      
0.0   0.0   0.018182   
0.0   0.0   1.768182   
0.0   0.0   -1.781818   
1.8   1.8   
0.0   0.0   0.0   
0.0   0.0   1.8   
0.0   0.0   -1.8   

