1.1674000000 0.0000000000 -0.0000002959
1.0000000000 1.0000000000 -0.0833327534
1.0250000000 0.0250000000 -0.0000000153
1.1000000000 1.0000000000 -0.0833335256
1.0750000000 0.0750000000 0.0000001265
1.2000000000 1.0000000000 -0.0833333885
1.1250000000 0.1250000000 0.0000001398
1.3000000000 1.0000000000 -0.0833336802
1.1750000000 0.1750000000 -0.0000000017
1.4000000000 1.0000000000 -0.0833332646
1.5000000000 1.0000000000 -0.0833337413
1.2750000000 0.2750000000 -0.0000000005
1.6000000000 1.0000000000 -0.0833332884
1.3250000000 0.3250000000 -0.0000000010
1.7000000000 1.0000000000 -0.0833325508
1.3750000000 0.3750000000 -0.0000000237
1.8000000000 1.0000000000 -0.0833226797
1.4250000000 0.3750000000 -0.0000000244
1.7500000000 1.0500000000 -0.0833332540
1.3750000000 0.3250000000 -0.0000000048
1.6500000000 1.0500000000 -0.0833333356
1.3250000000 0.2750000000 0.0000000019
1.5500000000 1.0500000000 -0.0833333712
1.2750000000 0.2250000000 -0.0000000012
1.4500000000 1.0500000000 -0.0833333167
1.2250000000 0.1750000000 -0.0000000005
1.3500000000 1.0500000000 -0.0833333347
1.1750000000 0.1250000000 0.0000001780
1.2500000000 1.0500000000 -0.0833333505
1.1250000000 0.0750000000 0.0000004259
1.1500000000 1.0500000000 -0.0833333254
1.0750000000 0.0250000000 -0.0000000830
1.0500000000 1.0500000000 -0.0833333463
1.0250000000 -0.0250000000 -0.0000000387
1.0000000000 1.1000000000 -0.0833335185
1.0750000000 -0.0250000000 0.0000000825
1.1000000000 1.1000000000 -0.0833333304
1.1250000000 0.0250000000 -0.0000040690
1.2000000000 1.1000000000 -0.0833333251
1.1750000000 0.0750000000 0.0000008879
1.3000000000 1.1000000000 -0.0833333233
1.2250000000 0.1250000000 0.0000000742
1.4000000000 1.1000000000 -0.0833333167
1.2750000000 0.1750000000 -0.0000000006
1.5000000000 1.1000000000 -0.0833333482
1.3250000000 0.2250000000 0.0000000010
1.6000000000 1.1000000000 -0.0833333032
1.3750000000 0.2750000000 0.0000000004
1.7000000000 1.1000000000 -0.0833333425
1.4250000000 0.3250000000 -0.0000000007
1.8000000000 1.1000000000 -0.0833339012
1.4750000000 0.3250000000 0.0000000039
1.7500000000 1.1500000000 -0.0833333990
1.4250000000 0.2750000000 0.0000000002
1.6500000000 1.1500000000 -0.0833333443
1.3750000000 0.2250000000 0.0000000006
1.5500000000 1.1500000000 -0.0833333664
1.3250000000 0.1750000000 -0.0000000008
1.4500000000 1.1500000000 -0.0833333427
1.2750000000 0.1250000000 0.0000000010
1.3500000000 1.1500000000 -0.0833333184
1.2250000000 0.0750000000 0.0000001945
1.2500000000 1.1500000000 -0.0833333467
1.1750000000 0.0250000000 -0.0000171984
1.1500000000 1.1500000000 -0.0833333294
1.1250000000 -0.0250000000 0.0000040694
1.0500000000 1.1500000000 -0.0833333483
1.0750000000 -0.0750000000 -0.0000001267
1.0000000000 1.2000000000 -0.0833328262
1.1250000000 -0.0750000000 -0.0000004257
1.1000000000 1.2000000000 -0.0833333525
1.1750000000 -0.0250000000 0.0000169728
1.2000000000 1.2000000000 -0.0833333138
1.2250000000 0.0250000000 -0.0000010840
1.3000000000 1.2000000000 -0.0833333321
1.2750000000 0.0750000000 -0.0000000004
1.4000000000 1.2000000000 -0.0833333104
1.3250000000 0.1250000000 -0.0000000004
1.5000000000 1.2000000000 -0.0833332986
1.3750000000 0.1750000000 -0.0000000001
1.6000000000 1.2000000000 -0.0833333527
1.4250000000 0.2250000000 -0.0000000009
1.7000000000 1.2000000000 -0.0833333790
1.4750000000 0.2750000000 0.0000000019
1.8000000000 1.2000000000 -0.0833324607
1.5250000000 0.2750000000 -0.0000000015
1.7500000000 1.2500000000 -0.0833332844
1.4750000000 0.2250000000 0.0000000004
1.6500000000 1.2500000000 -0.0833332895
1.4250000000 0.1750000000 -0.0000000001
1.5500000000 1.2500000000 -0.0833333789
1.3750000000 0.1250000000 0.0000000001
1.4500000000 1.2500000000 -0.0833333026
1.3250000000 0.0750000000 -0.0000000009
1.3500000000 1.2500000000 -0.0833333433
1.2750000000 0.0250000000 -0.0000000142
1.2500000000 1.2500000000 -0.0833333118
1.2250000000 -0.0250000000 0.0000010840
1.1500000000 1.2500000000 -0.0833333199
1.1750000000 -0.0750000000 -0.0000008870
1.0500000000 1.2500000000 -0.0833333547
1.1250000000 -0.1250000000 -0.0000001416
1.0000000000 1.3000000000 -0.0833336162
1.1750000000 -0.1250000000 -0.0000001756
1.1000000000 1.3000000000 -0.0833333506
1.2250000000 -0.0750000000 -0.0000001938
1.2000000000 1.3000000000 -0.0833333179
1.2750000000 -0.0250000000 0.0000000149
1.3000000000 1.3000000000 -0.0833333346
1.3250000000 0.0250000000 0.0000000003
1.4000000000 1.3000000000 -0.0833333068
1.3750000000 0.0750000000 -0.0000000002
1.5000000000 1.3000000000 -0.0833333789
1.4250000000 0.1250000000 -0.0000000019
1.6000000000 1.3000000000 -0.0833333403
1.4750000000 0.1750000000 -0.0000000014
1.7000000000 1.3000000000 -0.0833333207
1.5250000000 0.2250000000 -0.0000000013
1.8000000000 1.3000000000 -0.0833333491
1.5750000000 0.2250000000 -0.0000000015
1.7500000000 1.3500000000 -0.0833334723
1.5250000000 0.1750000000 -0.0000000024
1.6500000000 1.3500000000 -0.0833333780
1.4750000000 0.1250000000 0.0000000043
1.5500000000 1.3500000000 -0.0833333116
1.4250000000 0.0750000000 -0.0000000007
1.4500000000 1.3500000000 -0.0833333304
1.3750000000 0.0250000000 -0.0000000011
1.3500000000 1.3500000000 -0.0833333593
1.3250000000 -0.0250000000 -0.0000000018
1.2500000000 1.3500000000 -0.0833333159
1.2750000000 -0.0750000000 0.0000000024
1.1500000000 1.3500000000 -0.0833333342
1.2250000000 -0.1250000000 -0.0000000724
1.0500000000 1.3500000000 -0.0833333523
1.1750000000 -0.1750000000 0.0000000006
1.0000000000 1.4000000000 -0.0833332337
1.2250000000 -0.1750000000 0.0000000002
1.1000000000 1.4000000000 -0.0833333595
1.2750000000 -0.1250000000 0.0000000002
1.2000000000 1.4000000000 -0.0833333546
1.3250000000 -0.0750000000 0.0000000003
1.3000000000 1.4000000000 -0.0833332956
1.3750000000 -0.0250000000 0.0000000004
1.4000000000 1.4000000000 -0.0833333008
1.4250000000 0.0250000000 -0.0000000014
1.5000000000 1.4000000000 -0.0833333572
1.4750000000 0.0750000000 0.0000000010
1.6000000000 1.4000000000 -0.0833332727
1.5250000000 0.1250000000 -0.0000000014
1.7000000000 1.4000000000 -0.0833332806
1.5750000000 0.1750000000 -0.0000000003
1.8000000000 1.4000000000 -0.0833334059
1.6250000000 0.1750000000 -0.0000000045
1.7500000000 1.4500000000 -0.0833334998
1.5750000000 0.1250000000 -0.0000000007
1.6500000000 1.4500000000 -0.0833333337
1.5250000000 0.0750000000 -0.0000000010
1.5500000000 1.4500000000 -0.0833333283
1.4750000000 0.0250000000 0.0000000014
1.4500000000 1.4500000000 -0.0833333380
1.4250000000 -0.0250000000 0.0000000010
1.3500000000 1.4500000000 -0.0833333169
1.3750000000 -0.0750000000 -0.0000000008
1.2500000000 1.4500000000 -0.0833333368
1.3250000000 -0.1250000000 -0.0000000009
1.1500000000 1.4500000000 -0.0833333552
1.2750000000 -0.1750000000 -0.0000000017
1.0500000000 1.4500000000 -0.0833333668
1.0000000000 1.5000000000 -0.0833331153
1.2750000000 -0.2250000000 0.0000000017
1.1000000000 1.5000000000 -0.0833333066
1.2000000000 1.5000000000 -0.0833333082
1.3750000000 -0.1250000000 -0.0000000012
1.3000000000 1.5000000000 -0.0833333873
1.4250000000 -0.0750000000 -0.0000000030
1.4000000000 1.5000000000 -0.0833333651
1.4750000000 -0.0250000000 0.0000000003
1.5000000000 1.5000000000 -0.0833333240
1.5250000000 0.0250000000 0.0000000015
1.6000000000 1.5000000000 -0.0833333288
1.5750000000 0.0750000000 0.0000000007
1.7000000000 1.5000000000 -0.0833333144
1.6250000000 0.1250000000 0.0000000008
1.8000000000 1.5000000000 -0.0833334903
1.6750000000 0.1250000000 -0.0000000073
1.7500000000 1.5500000000 -0.0833333793
1.6250000000 0.0750000000 -0.0000000011
1.6500000000 1.5500000000 -0.0833333121
1.5750000000 0.0250000000 -0.0000000008
1.5500000000 1.5500000000 -0.0833333568
1.5250000000 -0.0250000000 -0.0000000014
1.4500000000 1.5500000000 -0.0833333117
1.4750000000 -0.0750000000 -0.0000000005
1.3500000000 1.5500000000 -0.0833333184
1.4250000000 -0.1250000000 -0.0000000013
1.2500000000 1.5500000000 -0.0833333325
1.3750000000 -0.1750000000 -0.0000000026
1.1500000000 1.5500000000 -0.0833333562
1.3250000000 -0.2250000000 0.0000000002
1.0500000000 1.5500000000 -0.0833333155
1.2750000000 -0.2750000000 -0.0000000005
1.0000000000 1.6000000000 -0.0833337695
1.3250000000 -0.2750000000 0.0000000019
1.1000000000 1.6000000000 -0.0833333173
1.3750000000 -0.2250000000 0.0000000008
1.2000000000 1.6000000000 -0.0833333577
1.4250000000 -0.1750000000 0.0000000013
1.3000000000 1.6000000000 -0.0833333386
1.4750000000 -0.1250000000 -0.0000000023
1.4000000000 1.6000000000 -0.0833333271
1.5250000000 -0.0750000000 0.0000000030
1.5000000000 1.6000000000 -0.0833333435
1.5750000000 -0.0250000000 0.0000000014
1.6000000000 1.6000000000 -0.0833333370
1.6250000000 0.0250000000 0.0000000046
1.7000000000 1.6000000000 -0.0833332971
1.6750000000 0.0750000000 -0.0000000003
1.8000000000 1.6000000000 -0.0833349701
1.7250000000 0.0750000000 -0.0000000057
1.7500000000 1.6500000000 -0.0833333930
1.6750000000 0.0250000000 -0.0000000004
1.6500000000 1.6500000000 -0.0833333044
1.6250000000 -0.0250000000 -0.0000000007
1.5500000000 1.6500000000 -0.0833333292
1.5750000000 -0.0750000000 0.0000000003
1.4500000000 1.6500000000 -0.0833333760
1.5250000000 -0.1250000000 -0.0000000032
1.3500000000 1.6500000000 -0.0833332791
1.4750000000 -0.1750000000 -0.0000000002
1.2500000000 1.6500000000 -0.0833333313
1.4250000000 -0.2250000000 0.0000000029
1.1500000000 1.6500000000 -0.0833333273
1.3750000000 -0.2750000000 -0.0000000002
1.0500000000 1.6500000000 -0.0833332796
1.3250000000 -0.3250000000 -0.0000000042
1.0000000000 1.7000000000 -0.0833333896
1.3750000000 -0.3250000000 0.0000000014
1.1000000000 1.7000000000 -0.0833332898
1.4250000000 -0.2750000000 0.0000000049
1.2000000000 1.7000000000 -0.0833333038
1.4750000000 -0.2250000000 -0.0000000005
1.3000000000 1.7000000000 -0.0833333325
1.5250000000 -0.1750000000 -0.0000000036
1.4000000000 1.7000000000 -0.0833333990
1.5750000000 -0.1250000000 -0.0000000012
1.5000000000 1.7000000000 -0.0833333047
1.6250000000 -0.0750000000 0.0000000034
1.6000000000 1.7000000000 -0.0833332866
1.6750000000 -0.0250000000 0.0000000057
1.7000000000 1.7000000000 -0.0833333517
1.7250000000 0.0250000000 0.0000000038
1.8000000000 1.7000000000 -0.0833336212
1.7750000000 0.0250000000 0.0000001583
1.7500000000 1.7500000000 -0.0833333577
1.7250000000 -0.0250000000 -0.0000000018
1.6500000000 1.7500000000 -0.0833332210
1.6750000000 -0.0750000000 0.0000000036
1.5500000000 1.7500000000 -0.0833332799
1.6250000000 -0.1250000000 0.0000000057
1.4500000000 1.7500000000 -0.0833332788
1.5750000000 -0.1750000000 -0.0000000001
1.3500000000 1.7500000000 -0.0833332439
1.5250000000 -0.2250000000 -0.0000000037
1.2500000000 1.7500000000 -0.0833332732
1.4750000000 -0.2750000000 0.0000000075
1.1500000000 1.7500000000 -0.0833333024
1.4250000000 -0.3250000000 0.0000000005
1.0500000000 1.7500000000 -0.0833333828
1.3750000000 -0.3750000000 0.0000000012
1.0000000000 1.8000000000 -0.0833363478
1.4250000000 -0.3750000000 0.0000000087
1.1000000000 1.8000000000 -0.0833349655
1.4750000000 -0.3250000000 -0.0000000104
1.2000000000 1.8000000000 -0.0833352760
1.5250000000 -0.2750000000 0.0000000019
1.3000000000 1.8000000000 -0.0833560071
1.5750000000 -0.2250000000 -0.0000000041
1.4000000000 1.8000000000 -0.0833362648
1.6250000000 -0.1750000000 -0.0000000024
1.5000000000 1.8000000000 -0.0833352783
1.6750000000 -0.1250000000 -0.0000000177
1.6000000000 1.8000000000 -0.0833361291
1.7250000000 -0.0750000000 -0.0000000016
1.7000000000 1.8000000000 -0.0833333120
1.7750000000 -0.0250000000 -0.0000001669
1.8000000000 1.8000000000 -0.0836667222
