121		
-1	-1	200
-0.8	-1	164
-0.6	-1	136
-0.4	-1	116
-0.2	-1	104
0	-1	100
0.2	-1	104
0.4	-1	116
0.6	-1	136
0.8	-1	164
1	-1	200
-1	-0.8	164
-0.8	-0.8	128
-0.6	-0.8	100
-0.4	-0.8	80
-0.2	-0.8	68
0	-0.8	64
0.2	-0.8	68
0.4	-0.8	80
0.6	-0.8	100
0.8	-0.8	128
1	-0.8	164
-1	-0.6	136
-0.8	-0.6	100
-0.6	-0.6	72
-0.4	-0.6	52
-0.2	-0.6	40
0	-0.6	36
0.2	-0.6	40
0.4	-0.6	52
0.6	-0.6	72
0.8	-0.6	100
1	-0.6	136
-1	-0.4	116
-0.8	-0.4	80
-0.6	-0.4	52
-0.4	-0.4	32
-0.2	-0.4	20
0	-0.4	16
0.2	-0.4	20
0.4	-0.4	32
0.6	-0.4	52
0.8	-0.4	80
1	-0.4	116
-1	-0.2	104
-0.8	-0.2	68
-0.6	-0.2	40
-0.4	-0.2	20
-0.2	-0.2	8
0	-0.2	4
0.2	-0.2	8
0.4	-0.2	20
0.6	-0.2	40
0.8	-0.2	68
1	-0.2	104
-1	0	100
-0.8	0	64
-0.6	0	36
-0.4	0	16
-0.2	0	4
0	0	0
0.2	0	4
0.4	0	16
0.6	0	36
0.8	0	64
1	0	100
-1	0.2	104
-0.8	0.2	68
-0.6	0.2	40
-0.4	0.2	20
-0.2	0.2	8
0	0.2	4
0.2	0.2	8
0.4	0.2	20
0.6	0.2	40
0.8	0.2	68
1	0.2	104
-1	0.4	116
-0.8	0.4	80
-0.6	0.4	52
-0.4	0.4	32
-0.2	0.4	20
0	0.4	16
0.2	0.4	20
0.4	0.4	32
0.6	0.4	52
0.8	0.4	80
1	0.4	116
-1	0.6	136
-0.8	0.6	100
-0.6	0.6	72
-0.4	0.6	52
-0.2	0.6	40
0	0.6	36
0.2	0.6	40
0.4	0.6	52
0.6	0.6	72
0.8	0.6	100
1	0.6	136
-1	0.8	164
-0.8	0.8	128
-0.6	0.8	100
-0.4	0.8	80
-0.2	0.8	68
0	0.8	64
0.2	0.8	68
0.4	0.8	80
0.6	0.8	100
0.8	0.8	128
1	0.8	164
-1	1	200
-0.8	1	164
-0.6	1	136
-0.4	1	116
-0.2	1	104
0	1	100
0.2	1	104
0.4	1	116
0.6	1	136
0.8	1	164
1	1	200
